size=64, nhead=8, dropout=0.4, neigh-por=0.6, lr=0.01, batch-size=256, epochs=50, attributed=True, supervised=True
4	0.8763273 -0.55210227 -0.9020971 -0.95270133
5	0.8463993 -0.36651844 -0.9910525 -0.93334484
7	0.73564565 -0.93538684 -0.47008276 -0.0781813
8	0.09618023 -0.67392945 -0.25363 -0.89532465
10	0.9320886 -0.74277127 -0.92826784 -0.9883503
14	0.57489616 0.24187917 -0.91662204 -0.9826342
15	0.29547483 -0.7333043 -0.8875058 -0.65091705
18	-0.48010477 -0.47131768 0.79706746 -0.96489775
19	0.6159676 -0.016002834 -0.52395004 -0.90518534
27	0.75459516 -0.51322067 -0.9590552 -0.9746943
30	0.13211367 -0.85351104 -0.71648633 -0.6434235
32	0.7771815 -0.9852411 -0.98627794 -0.26808202
34	0.97772276 -0.68955505 -0.76798314 -0.9167185
36	0.2983694 -0.3027583 -0.82724357 -0.97364223
40	0.9950502 -0.9461901 -0.798903 -0.94517857
44	0.7358979 -0.43391234 -0.9645201 -0.6793723
46	0.047824033 -0.9243419 -0.73890084 0.38962328
47	0.79575825 0.19835693 -0.97548246 -0.85591567
50	0.6250846 -0.6963453 -0.94569516 -0.82161987
52	0.6492717 -0.78916013 -0.91196144 -0.75489295
54	0.0368409 -0.72621864 0.4121527 -0.80453455
56	0.9922353 -0.98576105 -0.9877902 -0.8256347
62	0.08434192 -0.34075442 -0.55925477 -0.89793277
64	0.88344324 -0.37118307 -0.98835623 -0.9742062
67	0.5080044 -0.5815813 -0.9309697 -0.9228471
68	-0.8976798 0.39959174 -0.53316784 -0.8322022
69	0.91943944 -0.9798075 -0.8868623 -0.829836
70	0.97442746 -0.9833715 -0.9058255 -0.94987166
71	0.6664425 -0.2080544 -0.9170938 -0.95870537
72	0.90472704 -0.939507 -0.9594275 -0.8749585
76	0.21766394 0.48316392 -0.92228127 -0.8886336
77	0.88663775 -0.94740665 -0.99244773 -0.44949645
83	0.8892275 -0.9038125 -0.9693597 -0.8396958
92	0.5934814 0.50833756 -0.9885305 -0.9524823
94	0.7930612 -0.7713141 -0.980463 -0.8373479
97	0.9381105 -0.98490775 -0.8773842 -0.9247199
100	-0.4488837 -0.6355581 0.08558646 -0.7651613
101	0.86881864 -0.984972 -0.9876424 -0.19065274
105	0.58381957 -0.66226256 -0.9297443 -0.8523302
107	0.79255915 -0.32158622 -0.98582816 -0.9385525
109	0.099115744 -0.017334074 -0.83528054 -0.7184485
111	0.42963058 -0.9199705 -0.94879186 0.5856576
113	0.06755078 -0.597749 -0.9329549 0.27218035
116	0.57991695 -0.4417417 -0.87319887 -0.98164654
118	-0.44133747 -0.84633505 -0.06656186 0.02196455
119	0.88054293 -0.9635699 -0.989589 -0.3828701
121	0.7671153 -0.49561018 -0.96369565 -0.95705515
125	0.04781927 0.081625536 -0.79105407 -0.6459473
127	0.37929955 -0.26948628 -0.84656537 -0.95267844
128	0.52705353 -0.9706266 -0.883674 -0.4636953
133	0.10740846 0.023766413 -0.4646929 -0.938847
139	0.94148433 -0.98120797 -0.93567705 -0.7582498
153	0.75652134 -0.60220796 -0.9943228 -0.7056836
158	0.75189114 -0.42092183 -0.9844237 -0.92375576
162	0.9087987 -0.53487414 -0.96153283 -0.98418844
163	0.9654918 -0.98480976 -0.9919839 -0.4480831
170	0.63153636 -0.94922 -0.93969643 0.1337517
171	-0.3244966 0.9772582 -0.44171664 -0.9876523
175	0.86948407 -0.35876843 -0.98937297 -0.96149766
177	0.48711997 -0.937335 -0.97238016 -0.030924652
179	0.9923167 -0.9811524 -0.9498354 -0.9713097
181	0.83219326 0.2378506 -0.99169207 -0.960305
183	0.78733546 0.32626176 -0.99158865 -0.96137035
185	-0.95217586 -0.9690013 -0.912204 0.99637043
186	0.066888586 0.5114674 -0.58293605 -0.9131458
189	0.7440106 0.141077 -0.5615748 -0.93828887
191	0.8683567 -0.9678197 -0.96811986 -0.65672743
192	0.1610111 -0.12741786 -0.21634385 -0.9944109
199	0.8692162 -0.5404812 -0.9860476 -0.9563881
210	0.9962131 -0.9962643 -0.9744624 -0.92169386
214	0.67356515 0.23188579 -0.9834619 -0.7765364
216	0.764446 -0.56474376 -0.83342457 -0.96909153
217	0.53912824 -0.9174898 -0.8890265 -0.71747494
218	0.6639521 -0.80563647 -0.89379615 -0.9230407
222	0.59396434 0.7828151 -0.97873163 -0.9477658
229	-0.30301392 -0.23686492 -0.5381603 -0.6296557
232	-0.005704716 -0.93019104 -0.93951297 0.9885849
233	0.021808073 0.023329472 -0.22157511 -0.9617284
236	0.018405449 0.40249205 -0.98821914 -0.031731777
245	0.6714511 -0.16414696 -0.97531104 -0.96054935
252	0.8322354 -0.27969366 -0.9915223 -0.96092373
261	0.88198006 -0.7204703 -0.9737083 -0.922307
263	0.15619718 -0.96478564 -0.966049 0.7726507
274	0.9247898 -0.5045276 -0.99533665 -0.09497768
275	0.26171 -0.058806792 -0.52910393 -0.98898864
277	0.050339613 -0.5005678 -0.46406928 -0.8225261
280	0.91887414 -0.57625353 -0.98177445 -0.97725844
281	0.75866574 -0.0940658 -0.99192244 -0.96647024
285	0.9921832 -0.9428983 -0.92487615 -0.96584755
290	0.85882723 -0.69391423 -0.99291676 -0.82314074
292	0.06261914 -0.68623203 -0.9375378 -0.18774235
294	0.90906394 -0.059418183 -0.97043836 -0.5637266
295	0.14165196 0.65358746 -0.9802493 -0.85714513
297	0.9900323 -0.97421825 -0.9582701 -0.9640862
298	0.7114749 -0.6795871 -0.97546226 -0.87479174
300	-0.20535584 0.5757036 -0.269081 -0.99480796
302	-0.053087365 -0.7682238 -0.9628313 0.54930353
305	-0.45358422 -0.30901146 -0.28967696 -0.714493
317	0.9703669 -0.9737994 -0.9750478 -0.9066813
319	-0.4280202 0.97558624 -0.7550725 -0.9905329
320	0.71751106 0.17408797 -0.98751485 -0.93997693
323	0.6138427 0.090676665 -0.9785604 -0.91294706
324	0.8007294 -0.03914237 -0.98883593 -0.9799987
327	0.73869824 -0.9277427 -0.93519706 -0.59293175
329	0.951002 -0.9884658 -0.9920988 -0.33655742
335	0.79143286 0.080416605 -0.9873251 -0.8597373
337	0.19241416 -0.5348079 -0.1464289 -0.4658662
345	-0.5742982 0.1520679 -0.27936465 -0.72294736
346	-0.95729387 -0.35275978 0.49736643 -0.38282895
348	0.1265401 -0.7245053 -0.8666187 -0.28255516
349	0.9798991 -0.9507445 -0.9548487 -0.9614998
352	0.8874531 -0.3119898 -0.9930059 -0.87932837
354	0.98079604 -0.96313834 -0.9616219 -0.95356417
356	0.7128584 -0.12411088 -0.98069227 -0.9438302
358	0.7945544 -0.7373892 -0.9844597 -0.6286168
359	-0.3980537 0.27731484 -0.015863791 -0.8757045
361	0.69088423 -0.2011799 -0.9821186 -0.96638304
367	0.7089541 -0.9859603 -0.8385533 -0.54428375
368	0.5212444 -0.8558638 -0.96022636 -0.57390046
369	0.75485444 0.61367846 -0.9818194 -0.9520503
372	0.43315536 0.5842071 -0.9402478 -0.97457814
375	0.661175 -0.5714804 -0.3575273 -0.99094665
376	0.96257526 -0.7910892 -0.9864204 -0.94658935
377	0.8378727 -0.41081637 -0.9909521 -0.92361414
382	0.59297365 -0.7601976 -0.9131189 -0.66215813
384	0.7303623 0.6320343 -0.93785965 -0.95895433
385	0.2022639 -0.9308939 -0.8584104 -0.36157972
391	0.20932761 -0.7529969 -0.62880707 -0.8735762
392	0.16907927 -0.98051465 0.1803591 -0.23223059
396	0.5042719 -0.46462336 -0.9251542 -0.3872656
401	0.6025498 -0.96934605 -0.9419632 -0.42477745
402	0.22244379 0.01984569 -0.9792002 -0.981372
404	-0.62239254 -0.5016556 -0.7536303 0.08080016
407	-0.44581467 0.92113256 -0.5821123 -0.98350906
408	0.59361416 0.13855112 -0.986256 -0.97754383
416	0.4744625 0.07000351 -0.8825934 -0.9312459
418	0.78245246 0.13644627 -0.9897883 -0.88682485
422	0.11140603 -0.20441948 -0.058946893 -0.89247704
425	0.6618854 -0.38951254 -0.9859713 -0.38461393
428	0.90381736 -0.988767 -0.9940019 0.2982157
429	0.67494345 -0.3236019 -0.90184236 -0.86254835
436	0.4566967 0.22814403 -0.8285296 -0.87990487
437	0.7947367 -0.07457303 -0.9893521 -0.95935476
440	0.767073 -0.91999173 -0.9715768 -0.6285887
442	-0.47583696 0.48484248 0.019307494 -0.9221208
445	0.66713 -0.8081984 -0.7986395 -0.96493304
448	0.94384474 -0.98231494 -0.928771 -0.4589033
454	0.85720026 -0.67106426 -0.6805553 -0.84819674
456	-0.8961338 0.99765635 -0.9537171 -0.994028
461	0.21021569 -0.69635546 -0.7544501 -0.8468833
466	0.7746035 -0.9819288 -0.94787747 -0.51790726
467	0.12547621 -0.941609 -0.8785032 -0.12335725
468	0.77787364 -0.21691045 -0.96939826 -0.9591571
470	0.9861187 -0.9811152 -0.8922299 -0.9806986
473	0.98626876 -0.9297669 -0.9158975 -0.9302513
476	0.06347279 -0.83920187 -0.7214389 -0.27607763
478	0.6412 -0.42313138 -0.8842767 -0.8397543
479	0.9947282 0.0338622 -0.9539836 -0.9516133
481	0.7607157 -0.8372972 -0.91595125 -0.9000674
485	0.8974173 -0.9949374 -0.99165976 -0.17157944
486	-0.41783324 -0.33722353 -0.39916748 -0.68193126
488	0.216557 0.004901916 -0.730837 -0.44661245
490	0.11450205 0.23319933 -0.838012 -0.9385307
493	0.95311916 -0.9887788 -0.99156344 -0.37277257
495	0.41555184 -0.808254 -0.876489 -0.8032204
500	0.985623 -0.99158984 -0.90692055 -0.92672455
504	0.75982296 -0.44136187 -0.97236574 -0.9261437
507	-0.6556957 -0.2216379 0.70913506 -0.9611299
509	0.99470294 -0.9919596 -0.95232517 -0.96917284
511	0.9200425 -0.9684242 -0.87736857 -0.9327804
512	0.9920343 -0.69327486 -0.9385917 -0.98407197
514	-0.32740623 -0.26536477 -0.1395194 -0.47183725
525	-0.3595721 0.13912684 0.2470423 -0.82473934
526	-0.47557032 -0.32845902 -0.5347315 0.30824882
527	0.92187756 -0.60124505 -0.9684886 -0.96859634
530	-0.6740051 -0.11496565 0.13558711 -0.37296134
531	0.26064014 -0.919536 -0.6901058 0.0059708506
536	0.4585303 -0.70488906 -0.9475868 -0.58924437
546	0.36809662 -0.7994033 -0.83305204 -0.14244524
547	-0.041589413 0.4936098 -0.8522062 -0.7206716
548	0.07742775 0.64375484 -0.56699264 -0.9261296
549	0.0547653 -0.80888736 0.039936572 -0.6263088
550	0.9621221 -0.86800396 -0.79562783 -0.95868325
559	0.89083517 0.042374987 -0.88794756 -0.9201398
560	0.2759192 -0.6710913 -0.7422333 -0.87686396
571	0.8995208 -0.4633629 -0.99242187 -0.91739684
572	0.42690364 -0.50905097 -0.9202974 -0.9118676
582	0.85891974 -0.9819635 -0.9936616 0.38139713
587	-0.20433621 -0.77355576 -0.85783076 0.5505992
591	0.9012748 -0.98095053 -0.8507438 -0.90017116
594	0.9429787 -0.9712042 -0.9596349 -0.88968503
596	0.49997035 -0.56216216 -0.94535595 -0.8783834
597	0.636382 -0.95808876 -0.74753726 -0.86252475
599	0.7317226 -0.47186944 -0.9858353 -0.8969097
600	0.08387865 -0.5687037 -0.68773973 -0.81694853
604	0.7633281 -0.96093607 -0.93337846 -0.69885486
613	0.79787034 -0.5435455 -0.9890614 -0.8799702
622	-0.41593188 -0.75483084 0.2779363 -0.9419557
628	0.11420648 -0.6171584 -0.5240192 -0.599206
631	0.7584511 -0.8967117 -0.93414724 -0.8668835
632	0.1820006 -0.97781515 -0.8831297 0.19222388
634	0.2229828 -0.021441892 -0.80179477 -0.85947835
636	0.044807304 -0.6123178 -0.47187322 -0.35442603
638	0.8826176 -0.9580897 -0.96014905 -0.80568373
639	0.58771574 -0.75497735 -0.705992 -0.87502426
640	0.034168977 -0.8677933 -0.81067365 0.40782368
644	0.16497709 -0.8996142 -0.12782313 -0.9479017
649	0.039383307 -0.62328434 -0.4751493 -0.70158887
652	0.6221543 -0.88291407 -0.8488606 -0.7003405
653	-0.23508562 -0.7920262 0.13262837 -0.9185202
655	0.8789395 -0.6933714 -0.9223778 -0.98402524
657	-0.93363726 -0.958007 -0.9139755 0.99085075
658	0.6556902 -0.18553013 -0.91472334 -0.9293184
660	0.91998833 -0.8133731 -0.9241135 -0.97123414
663	0.1989074 0.19577286 -0.76922786 -0.71308964
664	0.5264029 0.13963073 -0.9133544 -0.91840184
665	0.5676124 0.39081013 -0.88054 -0.96660376
673	0.79291147 0.5055331 -0.9818801 -0.95623183
677	0.82069564 -0.6985992 -0.9846232 -0.8867041
678	0.87728107 -0.44168755 -0.9933816 -0.5426651
680	0.6441642 -0.9103743 -0.87421274 -0.5263722
681	0.9963469 -0.9869984 -0.9656967 -0.9816244
683	0.20589575 -0.97439355 -0.76440835 -0.1620078
690	0.97655445 -0.9747354 -0.749369 -0.63702106
692	0.47446173 0.8696432 -0.976549 -0.9521159
694	0.7487375 -0.6499864 -0.9021485 -0.9744935
698	0.86171806 -0.68404055 -0.97841555 -0.4574362
706	0.13461103 -0.34993768 -0.56023633 -0.96232784
707	-0.75199765 0.7028866 0.28754964 -0.95480144
710	0.119728066 -0.3036974 -0.97216856 0.37604713
712	0.7079818 -0.98657334 -0.97248733 -0.20106816
713	0.09839162 0.47767103 -0.6530862 -0.99753475
716	0.16236253 0.2856853 -0.5870789 -0.98217607
720	0.75212884 -0.3000909 -0.8983254 -0.9521102
721	0.7029859 -0.31541985 -0.98528385 -0.88757396
722	-0.4026763 -0.7783098 -0.7720063 0.08532782
728	0.68605626 -0.84189725 -0.9756845 -0.3300862
729	0.4268903 -0.29463398 -0.7209284 -0.9468843
731	0.2408694 -0.7230283 -0.9567125 -0.41810304
733	0.95234585 -0.9846883 -0.94741416 -0.588666
735	0.5064433 -0.93237436 -0.98745215 0.17480516
738	0.7730925 -0.9332033 -0.97170913 -0.50402963
740	0.82437444 -0.37997147 -0.98368216 -0.9652195
742	-0.5907937 0.00722827 0.26269716 -0.77824575
743	0.32689452 -0.933938 -0.9596336 -0.24878041
745	0.42658758 0.89508796 -0.98965037 -0.9599216
747	0.27697432 0.1476736 -0.91569746 -0.9279071
748	0.7668802 0.14711832 -0.97950524 -0.95164424
749	0.8644551 -0.8979453 -0.98554313 -0.7423835
750	0.7582626 -0.7031669 -0.98567367 -0.12905224
753	0.90740037 -0.9432652 -0.95396006 -0.8727983
757	0.33487344 -0.20043708 -0.66529775 -0.9942163
761	0.8008517 -0.94227743 -0.96982014 -0.49432397
764	0.6830431 -0.18856516 -0.98236316 -0.9618793
769	0.8817564 0.08253735 -0.99075866 -0.94864917
774	0.5880513 0.27162778 -0.9580895 -0.8443682
777	0.81800663 -0.9649665 -0.7897756 -0.91909915
778	0.9539092 -0.98161 -0.98601574 -0.65210927
779	0.7432081 0.24149668 -0.9710876 -0.9352199
782	0.2369778 -0.81821084 -0.42081457 -0.45446023
786	0.57779515 -0.9720608 -0.96105236 -0.02537071
790	0.88384295 -0.47965932 -0.9929317 -0.9077605
796	-0.39775926 0.57041335 0.21870703 -0.96184087
798	0.7918449 -0.93228364 -0.96365523 -0.7164469
799	0.7019125 0.7127584 -0.9889538 -0.9457061
801	0.9309764 -0.29385602 -0.9854803 -0.6401247
802	0.415648 -0.6732373 -0.27272946 -0.990372
805	0.37266725 0.6931671 -0.9804318 -0.97026956
809	0.23649096 -0.7774489 -0.7156903 -0.8654026
810	0.7947172 -0.112051226 -0.99168825 -0.9700459
819	0.8245517 0.40768725 -0.99244225 -0.9641374
825	0.6045227 0.10419251 -0.9826815 -0.9241132
837	0.9712744 -0.9875684 -0.99081343 -0.47289497
838	0.7301899 -0.6706512 -0.9175819 -0.5792259
843	0.6600304 -0.47565752 -0.97035456 -0.27614853
844	0.703012 -0.69035125 -0.9612926 -0.65640116
846	0.67734605 0.3394088 -0.98916626 -0.949484
848	0.9283057 -0.9862646 -0.9905249 -0.30296224
850	0.19314592 -0.8775362 -0.84332323 -0.11920157
853	-0.18509626 -0.6562015 0.16990218 -0.8452551
855	0.7952682 0.7738184 -0.9877938 -0.96291703
856	0.21425124 0.9883024 -0.9824136 -0.9917078
858	0.95080006 -0.9487057 -0.991562 -0.6395802
859	0.9420622 -0.08236507 -0.77975905 -0.9322114
861	0.33242828 -0.5092322 -0.8460841 -0.76412237
863	0.09352968 0.48524946 -0.9445355 -0.99286413
865	0.8285016 -0.4140377 -0.9871746 -0.93638897
867	0.8441065 -0.052201495 -0.9916822 -0.96262765
873	0.035397142 -0.016258106 -0.9284847 -0.0420579
883	0.8488809 -0.45777065 -0.9931165 -0.8999148
887	0.3124419 -0.36355412 -0.96857977 -0.11242647
891	0.051209837 -0.5997821 -0.3408296 -0.89829755
892	0.009293894 -0.37731424 0.13976091 -0.65559715
899	0.85577244 -0.7612107 -0.9890379 -0.820826
900	-0.15147062 -0.43405306 -0.7925393 -0.41513133
902	0.690086 0.08896385 -0.9064144 -0.8335843
905	0.09947512 0.02721728 -0.73783195 -0.5826479
906	0.37125114 -0.97542834 -0.72382 -0.25191188
908	0.05722484 -0.5849337 -0.42452788 -0.88304335
913	0.1489258 0.52020967 -0.7695992 -0.94048715
920	0.6515204 0.4543352 -0.98303145 -0.95155835
921	0.12930365 0.22457772 -0.68566126 -0.9471843
926	0.4631926 0.033384994 -0.5100468 -0.74509096
927	0.084025666 -0.017250806 -0.9812366 0.85289574
928	0.046403676 -0.5733615 -0.86201787 -0.07216538
929	0.70752466 -0.16114831 -0.98682916 -0.8512647
942	0.79976356 -0.1847279 -0.9916581 -0.6780106
944	0.81491 -0.043671586 -0.9931477 -0.9584422
947	0.28672987 -0.20322302 -0.76870596 -0.41432753
948	0.6067467 -0.4251496 -0.9349688 -0.6537243
951	0.046683736 0.44072235 -0.5068107 -0.8843227
954	0.729468 -0.9823543 -0.9529798 -0.37193233
956	-0.18741356 0.9675679 -0.9709685 -0.9281257
957	0.14103806 -0.8314046 -0.77398586 -0.57566756
958	0.53544044 -0.4953944 -0.7137891 -0.96618986
959	-0.52177554 -0.72515315 -0.2647123 -0.021655455
964	-0.6418346 -0.08303496 -0.28391868 -0.84919083
966	0.7788842 -0.2996795 -0.98591983 -0.9602833
968	0.15038738 -0.10977337 -0.8162087 -0.81961584
974	0.47876742 -0.5963564 -0.92412037 -0.7441325
977	0.13840546 -0.8229656 -0.9684433 -0.094270125
979	-0.36129284 -0.045241565 -0.9604733 0.2528539
981	-0.10213488 -0.12573506 -0.8973806 -0.78641856
982	0.72042155 -0.5815005 -0.9832872 -0.85603994
984	0.5033877 0.55601275 -0.98818016 -0.971466
985	0.8199304 -0.23165113 -0.9912809 -0.94109476
988	0.54091126 0.90738106 -0.9881543 -0.98261154
989	0.79080665 -0.73161566 -0.97890687 -0.8559096
991	0.6237869 -0.42645574 -0.5459941 -0.94981086
993	0.84851104 -0.9712678 -0.9830146 -0.44967028
994	0.20451878 0.12876415 -0.77314043 -0.62542224
995	0.07798524 0.90318084 -0.9931355 -0.95392764
997	0.3105635 0.3250978 -0.7153454 -0.89861435
998	0.8010954 -0.7639153 -0.94856095 0.052522007
1003	0.3594301 -0.5201956 -0.26641038 -0.98499644
1004	0.53097856 0.1421068 -0.8449542 -0.87602437
1008	0.19235152 -0.119656906 -0.7663564 -0.6940719
1011	0.6977712 -0.9120647 -0.9859936 -0.33025587
1013	0.8418429 -0.39899638 -0.99086404 -0.9331894
1014	0.8587996 0.2710384 -0.99454665 -0.9462999
1015	0.8318224 0.67793006 -0.98889065 -0.95919216
1023	-0.63893574 0.51665854 -0.9369049 -0.8511869
1024	-0.82742834 0.96259093 -0.9841725 0.21926068
1028	-0.7252085 0.9979477 -0.99279296 -0.6589725
1030	0.21925813 0.5921057 -0.9738426 -0.9362265
1031	0.6025399 0.74187446 -0.9870398 -0.9482163
1038	0.3431019 0.63871825 -0.8027363 -0.9756404
1039	0.606387 -0.69903517 -0.5659347 -0.95591664
1041	-0.9202187 0.99578035 -0.35997662 -0.9948542
1042	-0.4482559 -0.15484415 0.16625114 -0.946859
1044	0.4594323 0.95693064 -0.9846913 -0.98548573
1045	-0.9749463 0.9553118 -0.9960171 -0.1988741
1049	-0.8325341 0.9987701 -0.96409166 -0.9972744
1051	0.5878493 0.96684146 -0.9918256 -0.97792983
1052	0.11004343 -0.5380511 -0.8423836 -0.7043716
1059	0.15223975 0.8895191 -0.986244 -0.95327747
1060	-0.41009587 0.9779489 -0.91652316 -0.68707263
1062	-0.36940825 0.9968685 -0.9757529 -0.99583393
1063	0.5437621 0.52296555 -0.98800623 -0.91098034
1068	0.08412889 0.9956777 -0.9895789 -0.9874513
1071	0.6500373 0.88073814 -0.98917866 -0.7876382
1073	0.21851319 0.7249427 -0.98197424 -0.507691
1074	-0.8455454 0.95009357 -0.47723916 -0.70639277
1075	-0.2605402 -0.61940175 0.38377386 -0.7722962
1080	0.08944969 0.901214 -0.9613224 -0.9116832
1082	-0.89195144 0.99646986 -0.94890666 -0.99384403
1083	-0.94875956 0.78277737 -0.15374267 -0.8441638
1091	0.70226187 0.03550853 -0.9874693 -0.9458389
1095	-0.8409903 0.9641943 -0.9545089 -0.92053485
1096	0.666453 0.80016166 -0.9811275 -0.9656382
1098	-0.40497893 -0.17406055 -0.6308572 -0.6710063
1103	-0.28999308 0.99131584 -0.98886204 -0.9889407
1109	0.30491638 0.06101191 -0.90369284 -0.40656275
1110	-0.99035347 0.9214444 -0.9803102 0.4434609
1113	0.031986654 0.41393623 -0.92015576 -0.5884696
1115	0.15438105 0.9485326 -0.98764706 -0.9792948
1119	0.04944224 0.6266294 -0.7070851 -0.9969554
1120	0.5381505 0.5008076 -0.988721 -0.9436828
1123	-0.89017546 0.99701476 -0.9608888 -0.98815584
1125	-0.91386783 0.9984019 -0.96619093 -0.9871726
1127	0.11039728 0.9923047 -0.98868644 -0.99387217
1128	-0.092135414 0.6104379 -0.8457975 -0.9616444
1129	-0.9383238 0.86878026 -0.80162394 -0.7121637
1130	-0.79423785 0.9717746 -0.9706348 -0.93913114
1131	-0.89379734 -0.008440107 -0.49685562 -0.18341269
1135	0.2070364 -0.689698 -0.88843244 -0.13135284
1139	-0.032400995 0.960922 -0.9800305 -0.98458135
1140	0.11167121 0.1346816 -0.7605467 -0.81948125
1142	-0.6329454 0.97067523 -0.8474026 -0.9647395
1143	0.27628514 0.75632787 -0.9248458 -0.92193425
1144	-0.056510538 0.8359596 -0.63301706 -0.9295099
1151	-0.81408316 0.9940194 -0.94461834 -0.99138606
1153	0.027709922 0.061884373 0.17716172 -0.95289063
1156	-0.46127033 0.9995462 -0.9565563 -0.99029535
1159	-0.40861312 0.43271732 0.3136449 -0.8864508
1160	0.17011376 -0.11931493 -0.9533212 -0.18943484
1165	-0.39400628 0.9988868 -0.9778209 -0.9927901
1169	-0.39281064 0.61773336 -0.20914882 -0.9639119
1171	-0.42886353 0.9996703 -0.9923005 -0.9961513
1174	0.05216916 0.8262079 -0.6952168 -0.9352741
1177	-0.93439525 0.46107084 0.8876691 -0.9750297
1179	-0.97881377 0.6227612 0.9296862 -0.9800758
1182	-0.69666815 0.9989375 -0.74215317 -0.9985111
1185	0.51426077 0.1919289 -0.96636945 -0.9611975
1189	0.56176865 0.9591907 -0.98971677 -0.97519004
1191	-0.41680214 0.98390627 -0.41868883 -0.9969784
1192	-0.6753056 -0.0957228 -0.96350706 0.77520174
1193	0.01321041 0.6289827 -0.956921 -0.01387823
1197	-0.50159 -0.28339547 -0.78943586 0.51863647
1198	0.5697506 -0.02837655 -0.9839518 -0.7264527
1201	-0.7630904 0.5725582 -0.9135726 0.7798222
1202	-0.9796006 0.5881275 0.9000613 -0.9601705
1208	0.14046028 0.57607114 -0.97032344 -0.99505657
1215	-0.49557936 0.7496544 -0.95023346 0.16494271
1216	0.56137055 0.6537999 -0.8124678 -0.9092617
1219	0.090500146 -0.040628105 -0.9794638 -0.36156747
1221	-0.98254704 0.8223027 0.7020564 -0.98458564
1226	-0.9186904 0.9685197 -0.9942732 -0.15182793
1227	-0.78154695 0.9540168 -0.7743715 -0.9553287
1229	-0.9603196 0.05705089 0.92593515 -0.9280689
1232	-0.8777882 0.65070796 0.24814694 -0.42574528
1239	0.44588363 0.35664776 -0.98278195 -0.946861
1243	-0.518023 0.9460288 -0.98349184 -0.96950555
1250	-0.9915746 0.05820006 -0.92241764 0.9735228
1254	-0.96964407 0.33219022 0.8387387 -0.91974765
1257	-0.94397795 0.95079046 -0.97872055 -0.594677
1260	0.051362697 0.4299954 -0.713251 -0.8336503
1261	-0.59775597 0.27732247 -0.53507787 -0.5003624
1262	-0.5701716 0.98873967 -0.98458946 -0.9051267
1265	-0.38633144 0.93007743 -0.9863614 -0.8864547
1266	0.40803567 0.9550289 -0.9911146 -0.9773449
1268	-0.33323395 0.58246404 0.29866546 -0.94553536
1271	-0.4799755 0.80712694 -0.6074519 -0.90181816
1273	-0.38251734 0.620692 -0.29203582 -0.9613086
1275	-0.06900838 0.14744043 -0.9328953 -0.65461063
1276	0.32448754 0.9151414 -0.988863 -0.9782249
1277	0.3319391 0.8196651 -0.5769157 -0.97067904
1279	0.09548661 0.9150309 -0.9865986 -0.64528185
1280	-0.24912544 0.93510306 -0.9708923 -0.5484332
1282	-0.63330483 0.21191368 -0.10205516 -0.9826443
1285	-0.53856266 0.99564815 -0.94552976 -0.99631447
1286	-0.29638112 0.95040786 -0.94206 -0.9576971
1293	-0.3946874 -0.088193774 -0.6164417 -0.20106165
1299	-0.49366367 0.66402805 -0.96378404 -0.50489354
1301	0.098333105 -0.21689259 -0.94394547 -0.10719135
1304	0.14582306 0.9935695 -0.96763724 -0.9897126
1305	-0.7977514 0.9916438 -0.9586588 -0.9907738
1307	-0.98583686 0.5701053 -0.9078518 0.18275972
1308	0.0793834 0.09402191 -0.9562683 -0.20709923
1309	0.05928966 0.6817132 -0.8883405 -0.9641788
1313	-0.93639594 0.8038412 -0.7376454 -0.8993243
1318	-0.114934705 0.9448968 -0.931175 -0.9760147
1319	0.89829224 0.068644375 -0.96959245 -0.96666926
1320	-0.9380686 0.91365117 0.17507866 -0.6553824
1324	0.025204994 -0.65841824 -0.059528165 -0.93184114
1327	-0.24226141 0.9153254 -0.73516166 -0.9345658
1329	-0.7925419 0.67281103 0.6474799 -0.98699945
1330	-0.38579315 0.9722123 -0.9779792 -0.39891484
1333	-0.9071775 0.636266 -0.37890717 -0.90625536
1334	0.05945638 0.49037045 -0.63401276 -0.8049252
1339	-0.679813 0.5899491 -0.9669528 0.37880114
1342	0.8468051 -0.98301685 0.12336916 -0.9862866
1344	-0.96967065 -0.05262284 -0.54369164 -0.20841655
1345	-0.6509282 0.32021683 -0.94022906 -0.37804496
1348	-0.6573489 0.667513 -0.85716695 0.07068673
1349	-0.481793 0.88818663 -0.4511885 -0.5947294
1353	0.12837131 0.23532408 -0.8732307 -0.9329457
1358	0.13392335 0.9967512 -0.9888962 -0.98988783
1359	-0.05610335 0.9322648 -0.97883654 -0.9795212
1361	-0.25661469 0.15402256 -0.9011142 -0.2406478
1363	0.20619068 0.95131946 -0.9898695 -0.94654834
1365	0.24612129 0.9328346 -0.95330036 -0.9518547
1366	0.48599756 0.057828903 -0.9256302 -0.82988644
1368	0.016583988 0.49167597 0.48594636 -0.97099805
1369	0.5408107 0.82105476 -0.9936204 -0.84545124
1372	-0.78890157 0.47894034 -0.91710234 0.49599475
1373	0.08830433 0.9347466 -0.9797988 -0.96037894
1374	-0.8020997 0.2692971 -0.732267 0.70123124
1379	-0.9603956 0.8121059 -0.2468112 -0.9833901
1381	-0.88980836 0.9800916 -0.9773569 -0.8034416
1383	-0.9207103 -0.36577198 0.20130518 -0.31486124
1387	-0.8302794 0.010443568 0.8734832 -0.68425345
1389	0.22405422 -0.09048379 -0.9763943 -0.32514906
1398	-0.9449386 0.38563985 0.9511899 -0.96726704
1399	0.08791317 -0.25227538 -0.7255063 -0.055628106
1400	-0.839159 0.46644893 0.91036654 -0.916476
1403	-0.20798002 0.7569319 -0.15885064 -0.99622697
1411	-0.88418156 -0.50478804 0.08321343 -0.1146235
1419	-0.85170114 -0.4644584 -0.777014 0.4565041
1420	0.4513689 0.3510555 -0.9184702 -0.9444883
1421	-0.46300173 0.9779576 -0.9605252 -0.9395672
1427	-0.6193228 0.8932352 0.09325376 -0.9628788
1429	-0.44962546 0.27928293 -0.32965836 -0.8223623
1432	0.16850072 -0.2413339 -0.74476993 -0.7006808
1435	-0.68266714 0.9387723 -0.9779705 -0.86836374
1436	0.05453278 0.9955732 -0.99095905 -0.99007404
1439	0.70691204 0.08723513 -0.98011374 -0.9586557
1448	-0.92000055 -0.17927714 -0.7649847 0.018880248
1452	-0.97708 0.5220743 0.83093023 -0.9394306
1453	-0.7594818 0.27443296 0.47873697 -0.8803109
1457	-0.971527 0.3441487 0.6471778 -0.8168109
1458	-0.9237417 0.6032561 -0.9923258 0.59744537
1459	-0.012849839 -0.660956 0.34634912 -0.97068447
1462	-0.841467 0.98206663 -0.95452344 -0.8886547
1463	-0.96415746 0.9847816 -0.7235435 -0.9900089
1465	0.24867988 0.35445136 -0.6389008 -0.98400813
1471	-0.45154983 -0.6881627 -0.72335273 0.68525076
1480	-0.97870815 -0.060275614 0.7731002 -0.2796006
1483	0.052235827 0.33950424 -0.9855372 -0.051703777
1484	-0.055774584 0.9649533 -0.47049892 -0.986125
1490	-0.6686435 0.4897002 -0.6864251 -0.7480287
1492	-0.95478904 0.12869881 -0.6885134 -0.22449006
1499	-0.9285294 0.99819076 -0.9883527 -0.9796257
1502	-0.9134271 0.9143703 -0.40337592 -0.96727204
1503	0.036166355 0.9092165 -0.74665034 -0.97529805
1504	0.25904384 0.95859003 -0.94568044 -0.98813486
1507	-0.45932102 0.99288595 -0.98454094 -0.9019333
1509	-0.37572104 0.9988954 -0.9848035 -0.99591124
1513	-0.53782827 0.1787757 -0.9768585 -0.07629797
1514	-0.6257733 0.28143695 0.053412046 -0.58731365
1518	0.100785494 0.99542403 -0.9781121 -0.99345374
1519	-0.94511324 0.8288462 0.028288074 -0.6619518
1523	0.35534012 0.9433719 -0.98638976 -0.97852457
1526	0.04734862 0.94970447 -0.96545506 -0.9863142
1528	-0.97777176 -0.03830439 0.34439126 -0.48037985
1531	-0.048233293 0.8577676 -0.9817935 -0.95435715
1533	-0.45963168 0.96655977 -0.970639 -0.9267174
1540	-0.025224296 0.9853392 -0.96130717 -0.25952697
1541	-0.7256521 0.13443312 0.75865656 -0.9871718
1542	-0.7980355 0.9981786 -0.9944646 -0.3395258
1544	0.72595644 0.35837525 -0.98930883 -0.96885836
1546	0.95654154 -0.9885783 -0.9921881 -0.34602925
1547	0.423428 0.40418684 -0.7780132 -0.963436
1548	-0.3713837 0.71117747 -0.7317425 -0.7001233
1551	-0.98808515 0.98530674 -0.98657906 0.11416763
1553	-0.94015086 0.9972588 -0.5981869 -0.9991192
1557	-0.4425006 0.6833179 -0.66061175 -0.9474516
1558	-0.9387435 0.9679074 -0.92472374 -0.7609457
1559	-0.39528337 0.87071353 -0.93237454 -0.9456674
1560	0.64959836 0.506803 -0.9764463 -0.962221
1563	-0.9291363 0.64877534 0.32561594 -0.7291797
1565	-0.30018315 0.9697933 -0.9879168 -0.973888
1568	-0.45300302 0.681312 -0.9704937 -0.3922694
1570	-0.54790545 0.74731207 -0.7188793 -0.89205176
1573	-0.9700474 0.9623976 -0.99180365 0.06619981
1575	0.057641223 0.85623866 -0.44647226 -0.9831378
1576	0.14007391 0.51625675 -0.82342315 -0.984083
1583	-0.4776092 -0.7845979 -0.099589005 -0.06199184
1585	-0.75816166 0.97466636 -0.965346 -0.52702385
1586	0.48336697 0.3285891 -0.96631503 -0.8713517
1589	0.039990842 0.7230153 -0.85995483 -0.9165837
1590	0.71465695 0.7860936 -0.98707825 -0.9477894
1596	0.5929884 -0.018045396 -0.99219733 -0.9812809
1598	0.31622285 0.9552336 -0.9153061 -0.993278
1600	-0.050495178 0.8279122 -0.6288912 -0.938767
1603	-0.3864447 0.5016 -0.042581677 -0.94288146
1604	-0.75116885 -0.13621622 -0.950364 0.34557405
1609	-0.87112033 0.9954318 -0.694413 -0.99833274
1611	0.53946984 0.35516316 -0.98084986 -0.97527623
1612	-0.31309533 -0.43159083 0.1872624 -0.8821722
1616	-0.49433097 0.77468914 -0.9851986 0.97671956
1619	-0.96286696 0.9980966 -0.7213812 -0.99390256
1621	0.3724725 0.53080314 -0.99142253 -0.9891131
1623	0.5726608 0.9656742 -0.99122226 -0.9792712
1624	0.500801 -0.56589204 -0.8400271 -0.9484572
1626	-0.98200953 -0.03725867 0.17576964 -0.74961305
1627	0.73339796 0.36864555 -0.9887588 -0.97264075
1629	-0.3620556 -0.6026516 -0.6926938 0.16961926
1630	0.5227903 0.905035 -0.9060651 -0.9781563
1634	-0.86535895 -0.8195543 -0.5886809 0.7634591
1635	-0.065549925 0.46629572 -0.045150578 -0.973313
1636	0.1978867 0.94376075 -0.98501086 -0.97859263
1640	-0.6713692 -0.22346938 0.23168558 -0.75525826
1642	-0.6242472 0.99862206 -0.9806981 -0.9936055
1643	0.023195315 0.31741053 -0.5195471 -0.8321543
1644	0.64565325 0.6069101 -0.88842463 -0.9699923
1645	-0.9879998 0.42235845 -0.37166455 -0.21969163
1646	-0.98401624 0.5983112 0.64264137 -0.84597355
1647	0.28925613 0.9674318 -0.991292 -0.9813212
1658	0.19165793 0.24629092 -0.9742429 -0.7258169
1662	0.08684823 0.3287819 -0.8408537 -0.9436114
1666	-0.44155318 0.6205585 -0.9523629 -0.16704658
1672	-0.24240243 0.9252464 -0.38406804 -0.98808014
1673	-0.9851006 0.15194935 -0.3856207 -0.08474652
1679	-0.66342664 0.969998 -0.96423346 -0.9870291
1686	-0.6754964 0.23292544 0.026035402 -0.3528814
1689	0.08744159 0.8426477 -0.5582222 -0.97332853
1692	-0.19829556 0.97325593 -0.44939584 -0.9901693
1694	-0.49377096 0.96950614 -0.99052536 -0.97333586
1702	0.10652261 0.97244215 -0.99115026 -0.9732495
1703	-0.46393782 0.8507929 0.2376403 -0.98629665
1705	0.16056126 0.6701197 -0.98461616 -0.92545414
1707	-0.37670368 0.7176186 -0.79067546 -0.8916526
1708	0.2377999 0.4888853 -0.9745836 -0.9899192
1709	0.27489448 -0.59863985 -0.6005939 -0.9353769
1712	-0.89478445 0.99893546 -0.95811796 -0.99591124
1714	0.55905247 -0.82160854 -0.9186504 -0.7039951
1716	0.686374 -0.15291995 -0.9017967 -0.9701611
1718	-0.5029527 0.79376894 -0.56724364 -0.6810913
1727	-0.47521612 0.3346225 -0.9328629 -0.54549956
1733	-0.35370103 0.98180425 -0.97836864 -0.9443538
1734	-0.21179682 -0.52921116 -0.009503245 -0.8664068
1739	0.1412635 0.31272247 -0.71708596 -0.935146
1745	-0.14901626 0.88499516 -0.86375177 -0.9628442
1747	0.029487036 0.5184841 -0.7739866 -0.900211
1749	0.31221694 -0.09187834 -0.9249848 -0.95805424
1750	-0.75252616 0.859518 0.32823777 -0.97433823
1753	-0.87548804 0.49841762 0.5864517 -0.92335415
1754	-0.815724 0.6129036 0.19776104 -0.9611877
1755	0.5553105 0.9695251 -0.99242926 -0.9750419
1756	-0.26725453 -0.5768119 -0.09821908 -0.5658132
1758	0.1124022 0.9549452 -0.9529948 -0.9903457
1761	-0.44240254 0.6988183 0.7355702 -0.97965306
1765	0.14234196 0.7333405 -0.97344387 -0.96609914
1767	0.62200105 0.51334363 -0.9918445 -0.9809704
1768	-0.4813246 0.63563055 0.13425452 -0.9060639
1770	-0.6145706 0.7145013 0.1577414 -0.9800151
1772	-0.8440809 -0.33588302 -0.29984885 -0.27964577
1779	-0.40008911 0.5742307 -0.4965503 -0.9389253
1784	-0.9680088 -0.18767452 0.47934413 -0.6674499
1785	-0.8961107 0.20296642 -0.5849014 -0.6854778
1792	-0.506561 -0.8973362 0.3559304 0.6163722
1793	-0.89803016 -0.18985367 0.5011525 -0.43261918
1794	-0.2701956 0.86712444 -0.5194543 -0.99787855
1796	-0.4676867 0.75739217 0.30301198 -0.8972733
1797	0.72336924 -0.5648355 -0.47876385 -0.9587956
1800	-0.4590155 0.9061499 -0.8320601 -0.94446695
1802	0.31713727 0.9657392 -0.98340666 -0.98103535
1809	-0.86254156 -0.11416368 -0.94660854 0.8741668
1812	0.51238364 0.013113586 -0.9729114 0.7251703
1814	0.056362882 0.046596512 -0.79098666 -0.3431596
1815	-0.9775259 -0.61426324 0.51502 0.21724148
1816	-0.61463475 0.99897015 -0.9870395 -0.9953428
1819	-0.9728044 0.3899789 0.5229469 -0.88046205
1820	0.6922257 0.797035 -0.48962098 -0.9670123
1828	0.2309031 0.47874328 -0.9851762 -0.9863126
1832	-0.98133385 0.57415205 0.7617043 -0.9255266
1835	0.7592459 0.4185449 -0.98227775 -0.96437573
1839	-0.8221209 0.99645984 -0.9497613 -0.9924532
1842	0.5931686 -0.19628756 -0.7936026 -0.9203042
1844	-0.8697704 0.99765164 -0.9675267 -0.9475522
1851	0.19087312 0.9643502 -0.98882115 -0.9810728
1852	-0.24658987 0.7326606 -0.9116967 -0.9229443
1853	-0.3304117 0.833279 -0.6020825 -0.9928788
1854	0.05609843 0.81786525 -0.42169362 -0.9833144
1856	-0.92759895 0.995541 -0.65685177 -0.9979435
1860	-0.9755449 -0.26003075 0.6210745 -0.877053
1863	-0.8724611 0.99437034 -0.947388 -0.991884
1867	0.23659113 0.66324425 -0.9292504 -0.9624985
1868	-0.7644247 -0.7361746 0.2757204 -0.40021437
1872	0.021552097 0.83087647 -0.35489142 -0.8354525
1877	-0.3674479 0.9418916 -0.92642653 -0.9473398
1878	0.4772151 0.9445205 -0.9862838 -0.9643786
1880	-0.9264164 0.990294 -0.9936255 -0.40976095
1884	0.1249979 0.58965194 -0.9048367 -0.97988445
1888	-0.9684994 0.5382908 0.44608843 -0.79994893
1894	-0.99037933 0.7984421 -0.98982966 0.46659845
1900	-0.7320167 0.49273336 -0.84412235 0.062184274
1907	-0.35759458 0.84833866 -0.8950186 -0.9498174
1911	0.46264762 -0.2126847 -0.72317624 -0.8607148
1916	0.8002521 -0.30573156 -0.9803771 -0.7861824
1919	0.13837987 0.9274931 -0.9877667 -0.9659554
1920	-0.95337594 0.99522674 -0.76872337 -0.9943582
1921	0.63599443 0.81180906 -0.9858687 -0.90717167
1927	-0.86608756 0.9989009 -0.98189974 -0.9963871
1929	0.07812629 0.99131155 -0.61551607 -0.99179125
1930	0.012536973 0.87824357 -0.95690334 -0.95749605
1932	-0.37406132 0.9982486 -0.9866057 -0.9660864
1937	-0.41039225 0.7849952 -0.9430537 -0.79620826
1938	-0.28145337 0.44322717 -0.8008135 -0.89042526
1939	-0.8116092 -0.9779315 0.9468939 -0.746856
1940	0.23226042 0.937202 -0.9833869 -0.964995
1942	-0.23716505 0.6362021 -0.6942959 -0.45078236
1943	-0.044374064 0.8682214 -0.9797735 -0.89765406
1944	0.12921575 0.96650785 -0.9828863 -0.9707737
1950	0.42568082 -0.1253474 -0.5852772 -0.9925351
1953	-0.31361508 -0.11727199 -0.7717009 0.05003639
1956	-0.44124082 -0.65020186 -0.29117435 0.024635047
1959	-0.06652198 0.99901164 -0.84229255 -0.9980068
1961	-0.4224473 -0.2223766 -0.3948282 -0.7225977
1964	-0.5307275 -0.3439164 -0.20206785 -0.5059053
1967	-0.57019496 -0.86464363 -0.9783155 0.9971148
1968	-0.31597248 0.42856237 -0.7900758 -0.88506293
1974	-0.9132497 0.8994615 0.33273694 -0.9987401
1975	-0.4010202 0.8260394 -0.6484624 -0.8699924
1979	0.051249553 -0.002799809 -0.86706865 -0.2902368
1980	0.52983123 0.4335549 -0.5407518 -0.8804395
1983	0.1322716 -0.6052683 -0.045308795 -0.96420085
1985	-0.9214287 0.63931394 -0.4995842 -0.90293753
1986	0.6579497 -0.2108599 -0.9789721 -0.9509964
1990	-0.08955455 0.966293 -0.9884424 -0.1845944
1991	-0.9367485 0.34341758 0.52652955 -0.40890792
1992	0.6626049 0.8521936 -0.9854513 -0.963256
1994	0.7024008 0.7530869 -0.9898353 -0.9425008
1996	-0.39054552 0.2873342 0.92447335 -0.9753687
1997	-0.46965364 0.79566544 0.27501255 -0.99230146
1998	-0.77975035 0.8598889 -0.687619 -0.23377237
2000	-0.27844757 0.33722734 -0.6726149 -0.923743
2002	0.24876766 0.5688778 -0.17331122 -0.9913815
2003	0.25680187 0.068127975 -0.02701687 -0.91300094
2004	0.21404456 0.9648596 -0.9920617 -0.9716197
2010	-0.28387266 0.6566378 -0.48804668 -0.9873793
2011	-0.5075991 0.85506296 -0.69944996 -0.93346786
2013	-0.40405852 0.96336126 -0.93917054 -0.9755801
2016	-0.95835036 0.49837452 -0.2674656 -0.8663218
2020	-0.94027305 0.99850166 -0.9526197 -0.99559873
2027	0.8445122 0.61221004 -0.99312747 -0.9296086
2029	0.23735845 0.12476373 -0.4672118 -0.64077604
2031	0.8291415 0.77563626 -0.99125206 -0.96509683
2032	0.30771944 0.8033471 -0.99071634 -0.9533118
2037	0.67235124 0.59520245 -0.98839784 0.10051696
2038	-0.23227862 0.8842244 -0.98793143 0.42029577
2042	0.47063783 0.13169551 -0.96170104 -0.9088229
2043	0.38825107 0.81258297 -0.9684009 -0.9359964
2044	-0.81569415 0.99746644 -0.97064185 -0.9955231
2045	-0.41956967 0.98349786 -0.98491955 -0.9231466
2046	-0.56397176 0.78914064 0.2431593 -0.99702
2048	-0.27739522 0.98569834 -0.60583735 -0.91873026
2050	-0.43189117 0.85185015 -0.9114591 -0.88256824
2054	0.29653883 0.11932397 -0.9126227 -0.91062784
2055	-0.9605099 0.9891298 -0.6001697 -0.7299858
2059	-0.08404471 0.8650936 -0.5241348 -0.98955584
2061	0.26104632 0.36445123 -0.97721624 -0.9865844
2063	0.09434792 0.1855667 -0.9526105 -0.79351705
2064	0.57735366 0.33476508 -0.90690756 -0.93316597
2071	-0.9901066 0.39386183 0.9915024 -0.99790084
2073	-0.4663119 -0.5581424 0.6498378 -0.84938145
2074	-0.8728062 0.05592677 0.53537756 -0.62691283
2076	0.67132527 -0.8260857 -0.5874408 -0.9750425
2078	-0.881168 -0.5918192 0.99054295 -0.9940394
2082	-0.8406697 -0.56016254 0.69805455 -0.6683921
2084	-0.3274802 0.64506143 0.5775397 -0.9932939
2085	-0.757724 -0.018351853 0.8547065 -0.9520445
2087	-0.9673608 -0.12876673 0.97457397 -0.9794972
2088	-0.89239466 -0.32262772 -0.81942415 0.48314947
2089	-0.54417735 0.6793806 0.73365045 -0.9881862
2091	-0.7318727 -0.13726544 -0.75023293 -0.021623284
2093	-0.4208841 -0.6929868 0.46588147 -0.9437981
2098	-0.96027327 0.97284186 -0.11757899 -0.9874298
2099	-0.99108326 -0.98285097 -0.9436076 0.9992983
2107	-0.8755411 0.99935925 -0.9928793 -0.9941869
2108	-0.98722076 -0.09621939 0.5230837 -0.32375512
2109	0.221138 -0.9425349 -0.31737855 -0.71895814
2112	-0.91675496 -0.034584664 0.7145157 -0.9239035
2113	-0.19351004 -0.82671607 0.090553254 -0.9579117
2119	-0.94983554 -0.06471415 0.70535004 -0.7442341
2120	-0.47977483 -0.58248615 0.64352155 -0.66558737
2124	-0.29101592 -0.5777504 0.21636784 -0.72441703
2125	-0.2969192 -0.8457494 0.26029274 -0.5252447
2129	-0.9737215 0.46638978 0.97985923 -0.9751075
2130	-0.9815921 0.22062832 0.7322017 -0.7235484
2131	-0.079513125 -0.71164095 0.42364222 -0.49538255
2134	-0.85561943 -0.60520595 0.56792843 -0.6491795
2135	-0.9649965 0.23445934 -0.160145 0.12487692
2140	-0.64843905 -0.56537735 0.6862683 -0.8014772
2141	0.8959098 -0.78864896 -0.91691375 -0.9693502
2142	-0.98654425 -0.4894702 0.8293334 -0.8330023
2145	-0.9824079 -0.8479935 0.90198165 -0.66507095
2146	-0.7931776 -0.7489177 0.14122805 -0.34310606
2149	-0.37642312 -0.8188367 0.5263595 -0.93189156
2150	-0.4118447 -0.7741519 -0.2680642 -0.49137264
2151	-0.45855546 0.8821305 0.26303613 -0.99847555
2153	-0.1189978 -0.08389661 0.49852365 -0.7631198
2155	-0.11888916 -0.008324267 -0.312907 -0.966329
2161	-0.954643 -0.03306189 0.868021 -0.93456185
2163	-0.82573444 0.39138126 0.23295814 -0.6240234
2164	-0.98212427 -0.47704855 0.6263676 -0.04109113
2166	-0.72951674 -0.93826187 0.42359817 0.026676565
2171	-0.9666165 -0.31193897 0.7326746 -0.8344877
2174	-0.9746596 -0.04727432 0.746398 -0.9047822
2175	-0.28175014 -0.076893605 0.3060201 -0.44213504
2177	-0.35137674 0.25668243 -0.04821682 -0.6947938
2178	-0.5259166 0.3949464 -0.029751807 -0.7706289
2183	-0.6642435 -0.8465421 0.035703644 -0.31909347
2188	-0.30337 -0.33918124 -0.83321214 -0.3717748
2189	-0.4266996 -0.88686526 0.73657024 -0.6725069
2192	-0.9262004 -0.4823443 0.9982816 -0.9869242
2193	-0.88537645 -0.38251337 0.8878058 -0.7837915
2194	-0.99446404 -0.92542785 0.9980117 -0.877105
2197	-0.7500257 0.12880555 0.1846879 -0.9779608
2202	-0.14333375 -0.8650621 0.7839833 -0.81546104
2211	-0.88977075 0.859048 0.034716044 -0.8536322
2212	-0.45142472 -0.21854101 0.7842415 -0.914094
2215	-0.8051607 0.4813767 -0.358072 -0.08338012
2222	0.30697712 -0.029422902 -0.52848154 -0.86353624
2226	-0.7433434 -0.797138 0.99775815 -0.97895026
2228	-0.04856106 0.010928124 -0.6596368 -0.9527891
2233	-0.9023253 0.74274224 0.003964871 -0.9845849
2236	-0.9674086 0.038941205 0.95538676 -0.97548044
2243	0.32517612 -0.53621304 -0.73681986 -0.91149753
2244	-0.92805034 0.59693 0.7285647 -0.9838685
2251	-0.46378356 -0.83742106 0.84387517 -0.9095296
2252	-0.97749025 -0.8133852 -0.66393584 0.8424499
2258	-0.38475692 -0.9543622 0.3434707 -0.25838313
2260	-0.3563809 0.48863423 -0.3803267 -0.9308356
2264	0.7838056 -0.91896844 -0.9699737 -0.6901374
2274	-0.32142377 -0.41885096 -0.96799487 0.64960253
2275	-0.5583295 0.44371384 0.5716032 -0.7998289
2280	-0.90410197 -0.42350528 0.808358 -0.71975404
2282	-0.86449 0.94795215 -0.45890304 -0.9253461
2283	-0.2225596 0.1749442 -0.3570762 -0.8274291
2285	-0.6571635 -0.85231924 0.9945649 -0.95618725
2289	-0.98300946 -0.8989998 0.9987588 -0.99409914
2290	-0.9681565 -0.5639866 0.77765965 -0.9255328
2292	-0.17883214 -0.119577214 0.3086276 -0.44249204
2296	0.10233812 -0.16250156 -0.041152373 -0.90536237
2305	0.29054374 -0.8131002 -0.041316703 -0.9096915
2306	-0.2005924 -0.9437313 -0.391239 0.4073531
2307	-0.8251971 -0.52116764 0.7567868 -0.90545547
2311	-0.9531362 0.04575275 0.5994197 -0.82050705
2313	0.08055791 -0.6180202 -0.61034477 -0.62410825
2314	0.093299896 -0.8857908 -0.018876955 -0.85287416
2320	-0.8468113 -0.22121525 0.70647526 -0.5281821
2323	-0.91152406 0.9086828 -0.9099024 -0.4624822
2326	-0.9598584 -0.6285058 0.6035134 -0.8529393
2327	-0.79021645 0.9052577 -0.18728781 -0.99600667
2331	-0.95876217 -0.89722383 0.98605967 -0.8828972
2332	-0.6334212 -0.44401297 0.36655426 -0.7031224
2333	0.31599796 -0.86459726 0.26597577 -0.346102
2335	-0.8747871 0.1272872 0.13483672 -0.1796521
2343	-0.465369 0.20767051 -0.018863603 -0.3797215
2345	-0.80510557 -0.6225246 0.66234326 -0.7758124
2359	0.21592253 0.19503012 -0.22440241 -0.9873846
2362	-0.89666593 -0.38640797 0.9469868 -0.9978759
2369	-0.71584314 -0.22292955 0.50976455 -0.62014616
2375	-0.09174737 -0.86069864 0.45245063 -0.278864
2376	-0.9480916 -0.51816213 0.6694752 -0.722307
2381	0.5235683 -0.9642153 -0.71044683 -0.2051259
2389	0.18638575 -0.9795084 -0.15678474 -0.1811123
2393	-0.851054 0.48762143 0.16785583 -0.9269744
2394	-0.40729666 -0.14272943 0.16565557 -0.43905732
2395	-0.90123016 -0.22366259 0.2286745 -0.44090343
2397	-0.82764524 -0.4134938 0.39539942 -0.70638096
2399	-0.14438972 0.15287657 -0.19315016 -0.97320205
2405	-0.50644886 0.25594103 0.9571755 -0.9603702
2408	0.5771635 -0.58490074 -0.16089347 -0.93491566
2409	-0.58894527 -0.97658527 0.6595548 -0.7788375
2411	0.32525668 -0.9763205 0.13557962 -0.29822704
2414	-0.5418624 -0.6264854 0.5874368 -0.4219225
2419	0.6511074 -0.21414787 -0.95331204 -0.98463917
2420	-0.4961891 -0.67238075 0.60967755 -0.74917257
2421	-0.5076046 -0.6939801 0.81743586 -0.7037803
2422	-0.26265174 -0.9295492 0.20736286 -0.19554396
2424	-0.21604627 -0.8938315 0.20660281 -0.24331611
2425	-0.81085145 0.78904843 0.32423976 -0.8340454
2428	0.100458205 -0.24287564 -0.57886875 -0.7129643
2430	-0.9194322 0.014428802 0.6809975 -0.6823171
2432	0.30586898 -0.46253067 0.688794 -0.99518085
2433	-0.16308421 -0.60195106 0.16034961 -0.9130116
2436	-0.92670494 0.12325394 0.7631082 -0.98362935
2437	-0.76017296 -0.90322435 0.44243115 -0.7272577
2440	0.15970178 -0.27070662 -0.3450481 -0.9718796
2441	-0.96415854 0.3042529 -0.4412052 0.46828547
2443	-0.59976065 0.15648603 0.77111006 -0.9833746
2444	-0.5323593 0.4289204 0.5917346 -0.9947306
2447	0.50306165 -0.99556565 -0.08677611 -0.0004364252
2448	-0.39750287 0.13294667 0.5957023 -0.9812912
2450	-0.9810654 -0.5720209 0.99543697 -0.9967341
2451	-0.88481605 -0.9458624 0.6349046 -0.20015548
2456	0.29163486 -0.98787785 -0.09029182 -0.15940894
2458	-0.7803284 -0.9107487 0.47313762 -0.6417726
2461	-0.901311 0.71984196 -0.1680364 -0.94126713
2463	-0.9704547 -0.049084798 0.7169214 -0.90914226
2466	-0.9926572 -0.18735902 0.67656696 0.22723074
2467	-0.35784954 -0.13347924 -0.44503534 -0.16820276
2468	-0.8174435 -0.45107114 -0.7773509 0.39234668
2471	-0.9775603 -0.19654185 0.83564067 -0.7563773
2477	-0.4670479 -0.91484773 0.97826385 -0.9411424
2480	-0.01558771 -0.98910487 -0.957425 0.70712763
2491	-0.95763385 0.5384041 0.5638418 -0.8444801
2496	-0.9397988 0.4542157 0.8632196 -0.9736124
2497	0.53301966 -0.35234785 -0.30456686 -0.90302175
2502	-0.48865843 -0.0074917376 -0.06414011 0.03353408
2504	0.78212166 -0.972433 -0.9655601 0.23526786
2510	-0.969385 0.45460778 0.7649979 -0.9276412
2514	-0.9668609 -0.6440512 0.7552016 -0.85013145
2517	-0.47796926 -0.96801186 -0.67894423 0.8892658
2519	-0.97491205 0.095435694 0.937924 -0.40392107
2523	-0.038460106 -0.8043181 0.3750552 -0.8891688
2524	-0.9394815 -0.26534414 -0.91474676 0.52295923
2533	-0.30198923 -0.61481714 0.40491295 -0.4614982
2536	0.35704637 -0.9383803 -0.8449292 0.1685961
2537	-0.56381947 -0.1871026 -0.9555638 0.94907737
2543	-0.9630435 -0.09848824 0.72347695 -0.88474905
2546	0.7907089 -0.6439446 0.21998318 -0.9688653
2548	-0.46035364 0.32907286 -0.03970188 -0.93449414
2556	-0.5059683 -0.66593117 0.054225504 0.12959543
2558	0.14004286 -0.270015 -0.28879413 -0.9257747
2561	0.062352136 0.58523786 -0.028843088 -0.93089867
2562	-0.04920723 -0.76431024 0.2899254 -0.7352631
2570	0.2881372 -0.97289944 0.036297206 -0.30697894
2571	-0.9673248 0.73912877 -0.65197915 -0.5994129
2575	0.47878063 -0.8239596 0.06652242 -0.521183
2583	-0.8010749 -0.90571314 -0.7504598 0.64967483
2584	-0.3421218 -0.80045015 -0.09043384 0.1282933
2589	-0.5915053 -0.21698081 0.36375234 -0.93329906
2590	-0.16973495 -0.42165864 0.3934625 -0.94629157
2592	0.7848844 -0.62150097 -0.9898702 -0.81938636
2595	-0.9296456 0.45912254 -0.398897 -0.9012425
2606	-0.44926324 -0.2539397 0.40957052 -0.83683014
2609	-0.55968666 0.38700795 0.5890847 -0.96223474
2612	0.111662015 0.89166677 -0.50177383 -0.93112344
2616	0.8589593 -0.92198694 -0.9440404 -0.85192406
2632	-0.89350784 0.07970939 0.7040707 -0.8469132
2648	0.2633933 -0.45913526 -0.78070354 -0.70295
2649	-0.9683093 -0.06478989 0.8673496 -0.49426728
2655	-0.9866027 0.43358475 0.97356 -0.98042643
2665	-0.19147292 -0.8339188 0.1706951 -0.7235883
2668	-0.9570415 0.66527116 0.8910558 -0.98328775
2674	-0.9734665 -0.33600017 0.9294051 -0.9419657
2675	-0.4492264 -0.8427247 0.068176284 0.043710086
2677	-0.94433594 -0.6755919 -0.681373 0.9902036
2681	-0.0628493 0.7602874 0.06514081 -0.93978345
2683	-0.9509976 -0.44013947 0.06700528 0.20655581
2685	-0.4283232 -0.83477485 0.034070518 0.008582443
2687	-0.49827948 -0.83754325 0.10970176 0.10514891
2690	-0.7964071 -0.7425128 0.47380334 -0.8170409
2692	-0.20063388 0.39218202 0.4628228 -0.9910072
2695	0.4760028 -0.9744326 -0.38677868 -0.41523606
2699	-0.9493351 0.62027836 0.67928314 -0.9686098
2702	-0.7515757 0.58651966 0.3592558 -0.5453978
2705	-0.9603141 -0.7293159 -0.050000817 0.33814245
2707	-0.8048562 -0.15828691 0.4222173 -0.7345923
2710	-0.97691417 -0.035654556 0.63364685 -0.4873735
2719	-0.6420903 -0.4321389 -0.06532882 -0.48147947
2722	-0.78961825 -0.30314207 0.0108896345 0.1206083
2724	0.062163256 -0.8472887 -0.15218344 -0.18864599
2730	0.6440419 -0.8197457 -0.7846197 -0.92245305
2734	-0.16838527 -0.47495458 0.4301136 -0.48646843
2738	-0.68854475 -0.38943577 0.20665154 -0.94270253
2739	-0.83305097 -0.41206124 0.7949089 -0.94709826
2741	-0.30704957 -0.4886482 0.6660384 -0.93961036
2742	-0.95702696 0.03990957 0.96118253 -0.96890247
2749	-0.45686027 0.09430099 -0.0833178 -0.9756274
2754	0.10905672 -0.97402227 0.28454167 -0.11335377
2766	-0.4445567 -0.7379653 -0.07368058 0.0962953
2768	0.25256228 -0.9828781 0.6427314 -0.8364972
2770	-0.28196144 0.2744414 0.24077214 -0.8779094
2775	-0.9705175 -0.7605454 -0.7643292 0.68336153
2777	-0.84558845 -0.867635 0.26261434 -0.29846326
2780	-0.9355063 0.34555763 0.6059432 -0.9924512
2781	0.8201441 -0.1421812 -0.7701032 -0.97620606
2782	-0.9681766 0.07246587 0.54278994 -0.8419255
2783	-0.53250396 0.55307007 0.48519284 -0.92705566
2787	-0.9544784 -0.038496763 0.95269454 -0.9640334
2790	-0.3246838 -0.6836727 -0.24131365 -0.8310837
2793	-0.21398449 0.33034647 0.30833763 -0.9692787
2796	-0.6509274 0.9886034 -0.6178161 -0.03126006
2800	-0.9689274 -0.5057097 0.7995575 -0.9451828
2802	-0.67704374 -0.39878803 0.24944663 -0.3850864
2810	-0.9544013 0.47543854 0.049075827 -0.7504169
2813	-0.86163896 -0.26415342 0.46097976 -0.48061863
2814	-0.9864591 0.4774996 0.96836233 -0.98304677
2815	-0.96847165 0.66270363 0.8624525 -0.9891943
2818	0.118912965 -0.82122743 -0.28869736 -0.8843356
2824	-0.20859857 0.5431701 -0.082580686 -0.9742875
2826	-0.9558328 0.2215988 0.89387596 -0.9657514
2828	-0.6732257 0.5254689 0.2161234 -0.8731432
2830	-0.10442934 0.14715067 -0.118190736 -0.38306928
2835	-0.25451636 0.11911582 0.4260404 -0.99645436
2836	-0.48848665 0.69775105 -0.7923647 -0.64264596
2838	-0.41419807 -0.5600888 -0.12954561 -0.730114
2841	0.05861325 -0.7429092 -0.56263053 -0.34028
2842	-0.9824333 0.760364 0.9180387 -0.98711276
2847	-0.9913428 -0.475978 0.97154415 -0.9678505
2848	-0.9671253 -0.8783019 0.83673495 -0.5515789
2851	-0.95804095 -0.770691 0.67660415 -0.7650944
2856	0.11635805 -0.87130463 -0.82654136 -0.23534356
2859	-0.37068734 -0.6806237 -0.3862937 -0.010616332
2860	-0.42833877 -0.092617676 0.51836485 -0.97083783
2862	0.040391058 -0.6630316 0.29960194 -0.92246443
2871	-0.843225 -0.71219313 0.5740106 -0.84687114
2873	-0.829267 0.46758765 0.956622 -0.95701844
2874	-0.84458864 -0.31462774 0.39999294 -0.74981165
2875	-0.7030874 0.092081934 0.37588724 -0.8916818
2891	-0.482651 -0.7465526 0.90323585 -0.9605128
2893	-0.75603104 0.96629 -0.81372637 -0.9933914
2894	-0.9696029 -0.031178594 0.95796704 -0.95648324
2902	-0.7972071 0.27011546 -0.3896369 -0.9171684
2904	-0.8982868 0.034943923 0.604894 -0.5102294
2905	-0.44342735 -0.528913 -0.5336137 -0.23291327
2906	-0.86951935 -0.6794376 0.9769646 -0.9761761
2914	-0.9770918 0.4280267 0.9371629 -0.97253823
2921	-0.67532784 0.19992596 0.015413888 -0.55586934
2930	-0.9560785 0.17219418 0.6211584 -0.22945642
2931	-0.8656339 0.90310156 -0.88543737 -0.6183739
2933	-0.44347927 0.26695874 0.7898749 -0.96447605
2935	-0.17386079 -0.8244107 0.54800045 -0.81404
2938	-0.8237582 0.97731346 -0.79250216 -0.86676
2940	-0.82352096 -0.98069084 0.99870706 -0.93497133
2944	-0.5636014 -0.5606979 0.15062036 -0.8286727
2948	-0.95052165 0.5597244 0.9554272 -0.9863124
2954	-0.16445124 -0.78023446 0.4537356 -0.9467099
2959	-0.97925943 -0.21328384 0.8996277 -0.77230567
2963	-0.79566085 -0.25463116 0.51659656 0.07328057
2964	-0.5088432 -0.7173549 -0.14718792 -0.25306177
2967	0.80021656 0.37741432 -0.99347186 -0.97007906
2970	-0.96282613 0.4512788 -0.0041332245 -0.98006535
2977	-0.48096827 -0.5948876 0.37520298 -0.66484153
2981	0.029400941 -0.28648618 0.05878093 -0.68282527
2992	-0.68667126 0.41904303 -0.086850815 -0.6608879
2994	-0.791126 0.57416135 0.6488163 -0.990747
2998	0.092342585 -0.6464528 -0.5502289 -0.5735986
3001	-0.9817461 -0.044891953 0.92816937 -0.956301
3002	-0.99304116 0.9873543 -0.018695544 -0.41451055
3004	-0.92699337 -0.91788036 0.18566051 -0.035659336
3005	-0.60277164 -0.07327151 0.5066976 -0.78689593
3015	0.36425704 -0.19994557 -0.29379946 -0.8587667
3017	0.040545195 -0.40105322 -0.8771075 -0.08719636
3021	-0.4699549 -0.86417514 0.4700774 -0.43293378
3022	-0.92776597 0.14315328 -0.34682956 -0.6983512
3025	0.78176963 0.19686365 -0.9863862 -0.95895076
3027	0.10946065 -0.34703004 0.39299607 -0.98868644
3031	-0.6751885 0.49420172 0.48930925 -0.7960832
3034	-0.3471375 0.35692054 0.095441446 -0.9598496
3035	-0.97229576 0.06421989 0.9211124 -0.37799537
3037	-0.719062 -0.70841706 0.38236585 -0.09289408
3038	-0.7284557 -0.68665785 0.4181127 -0.060687214
3041	-0.8943198 -0.75801814 0.69096863 -0.51776266
3042	-0.37758613 -0.7531035 -0.5203455 -0.2509014
3044	0.9693223 -0.97769105 0.0038714493 -0.53901196
3046	-0.07799384 -0.78995293 0.69937027 -0.5089358
3047	0.12406154 -0.68436724 0.788145 -0.9472469
3049	-0.9136175 0.343933 0.75914097 -0.97584796
3051	-0.962721 0.98566264 0.40043762 -0.9963849
3054	-0.97159666 0.6791824 0.8910543 -0.97676444
3056	0.55237484 -0.9317353 -0.39456913 -0.87312484
3057	-0.7139792 0.12219843 0.28975818 -0.6275853
3059	-0.6999079 0.08000636 0.47026557 -0.9797537
3066	-0.9642166 0.45766675 0.810153 -0.94941676
3070	-0.15248136 -0.9647592 0.7173924 -0.44648066
3071	-0.9689708 -0.92516124 -0.49848938 0.9644593
3072	-0.96846616 0.3332058 0.4672163 -0.7404953
3073	-0.47316772 -0.1791286 0.030442754 -0.41560364
3075	-0.89574003 0.045178413 0.92193353 -0.99495614
3079	0.5457635 -0.689085 -0.74361587 -0.5466277
3081	-0.97279406 0.56412643 0.45951694 -0.9699569
3085	-0.49393496 0.3723793 0.17327225 -0.75014347
3090	-0.99067533 0.84264153 0.7659831 -0.91050935
3091	-0.91320276 -0.86344296 0.966679 -0.9656286
3093	-0.55426866 -0.3376912 0.36845595 -0.8273891
3094	-0.6766006 -0.52477205 0.9309671 -0.9660953
3099	-0.9360088 -0.8941055 -0.030726403 0.042010054
3100	-0.69986767 0.14251903 0.72756577 -0.34384763
3102	-0.9271326 -0.3135448 0.64406997 -0.7676861
3107	-0.8863573 -0.11648813 0.4767477 -0.4771212
3118	0.1449368 -0.27416644 -0.40696704 -0.845379
3122	-0.7132033 -0.12036216 0.54984653 -0.81522495
3127	-0.17456882 -0.80702615 0.9316044 -0.9816104
3129	-0.96197796 -0.23397504 0.6089164 -0.6665368
3130	-0.45342037 -0.86648643 0.1053793 0.46763656
3132	-0.81315124 -0.7113236 -0.53834474 0.9066956
3133	-0.45582542 -0.22269331 -0.62610304 0.0063474197
3134	-0.9596789 -0.81316066 -0.17229602 0.6734983
3135	0.7391753 -0.24990128 -0.9854011 -0.9477565
3137	-0.73859674 -0.99019855 -0.97062695 0.9997434
3142	-0.77086353 -0.97993416 -0.95852375 0.96057177
3143	0.693796 -0.7178576 -0.7343422 -0.90986335
3145	-0.98279554 -0.92485726 -0.9046524 0.98305005
3146	-0.83268416 -0.8154311 -0.58819634 0.5926515
3150	0.049287766 -0.94282234 -0.9887265 0.89658546
3156	-0.41988248 -0.9159615 -0.4660442 0.80733305
3162	-0.990205 -0.98615175 -0.939536 0.9990356
3163	0.027661862 -0.97256863 -0.93902326 0.6524067
3169	-0.9400859 -0.81005013 -0.9667182 0.98126525
3170	-0.5009665 -0.8433678 -0.8186616 0.8224393
3172	0.19062094 -0.85412085 -0.52486414 0.25382763
3184	-0.88387644 -0.9890623 -0.97607297 0.99300385
3186	-0.9770013 -0.9795116 -0.9567574 0.9988103
3188	0.72526115 -0.23735204 -0.990694 0.053864695
3197	-0.9844923 -0.8375775 -0.7694863 0.89661103
3206	-0.97467065 -0.55168 -0.8076787 0.6344197
3208	-0.982477 -0.97347176 -0.9566753 0.9989717
3209	0.76356304 0.369443 -0.97837055 -0.9584998
3213	-0.9857512 -0.35018814 -0.94670665 0.974416
3214	-0.9842602 -0.8446827 -0.96822083 0.9936273
3219	-0.9809685 -0.9479919 -0.9236783 0.99006534
3220	-0.53862673 0.11951864 -0.96888494 0.9975319
3222	-0.42887717 -0.23223609 -0.5580985 0.06698987
3228	-0.7702638 -0.8362938 -0.4675647 0.40739995
3229	-0.44166616 -0.85831285 -0.69653535 0.85696113
3231	0.006104015 -0.81026685 0.13903672 -0.25635403
3235	-0.77560127 -0.7054424 -0.6626476 0.46954277
3245	-0.43456322 0.027611524 -0.3518619 -0.10042277
3247	0.7666865 -0.92332375 -0.9652244 -0.6942633
3249	-0.97666633 -0.93145514 -0.6807854 0.9300224
3251	-0.6750146 -0.9727148 -0.86099553 0.68673307
3252	-0.60952115 0.7552389 -0.98860824 0.9783288
3257	-0.5697035 -0.9514148 -0.77052236 0.9648647
3258	-0.90976363 -0.2582163 -0.86935353 0.7308891
3259	-0.8369713 -0.71647 -0.83556324 0.7810577
3261	0.47999653 -0.57512677 -0.98337865 -0.16629405
3262	-0.96762276 -0.948144 -0.24533102 0.9948617
3270	-0.4445963 -0.9693636 -0.9514035 0.997806
3272	0.17479292 -0.7520243 0.052086852 -0.13900346
3276	-0.98580194 -0.9857701 -0.96337783 0.9994298
3278	-0.6188551 -0.92902184 -0.9379971 0.58869046
3282	-0.9966813 0.20948656 0.41150254 0.64476156
3285	0.123508155 -0.33708295 -0.9581378 0.12189889
3287	-0.9810456 -0.87601924 -0.8145654 0.91905546
3288	-0.6982448 -0.97758067 -0.9170787 0.99044156
3292	0.6501368 -0.990258 -0.99245346 0.5312325
3293	0.8985659 -0.9812584 -0.97895896 0.11885644
3294	-0.9919102 -0.9591583 -0.96455467 0.9990214
3297	-0.47274137 0.4333459 -0.95592153 0.7208397
3300	-0.9617537 -0.9460563 -0.90126824 0.98304105
3302	-0.98924243 -0.83063257 -0.82565266 0.96836483
3307	-0.98873687 -0.8886651 -0.94853497 0.9919519
3314	-0.95294297 -0.5560139 -0.79870355 0.3846574
3316	0.024586624 0.44236428 -0.98860824 0.83888566
3321	0.03249702 0.5223572 -0.9859929 -0.5060725
3323	-0.13102111 -0.7410177 -0.9602196 0.49062604
3325	-0.81143975 -0.79806596 0.71506226 0.056743637
3329	0.9009652 -0.99634576 -0.99415356 0.59871286
3335	-0.98645556 -0.91031307 -0.7992649 0.95422935
3341	-0.9852928 -0.96684945 -0.9263321 0.998209
3342	-0.9701086 -0.8862132 -0.95258546 0.9728026
3344	-0.9770669 -0.95783556 -0.96240807 0.9947598
3345	-0.9871601 -0.9248384 -0.9498768 0.9984436
3350	-0.43353593 -0.66364026 -0.85058355 0.57859135
3353	-0.96324205 -0.97461635 -0.8889581 0.9954947
3354	-0.4161274 -0.33184105 -0.7476205 0.23846984
3363	0.5261251 -0.88478917 -0.96620476 0.18342666
3367	-0.3702034 -0.75439286 -0.7014257 -0.38880184
3369	-0.37996253 -0.9084401 -0.8075712 0.23189583
3370	-0.6314962 -0.6865028 -0.42452055 -0.11275007
3371	-0.61403483 -0.9808165 -0.96671283 0.9881418
3372	0.5262536 -0.9862601 -0.9581337 0.85592973
3375	-0.29649323 -0.84105104 -0.25837287 -0.17262714
3376	-0.98367715 -0.9292798 -0.8693419 0.97600174
3382	0.58183813 -0.98002166 -0.9935986 0.7458014
3384	-0.89139724 -0.972535 -0.6625824 0.8880781
3386	0.7251079 -0.5236046 -0.96132654 0.22727035
3390	-0.47017664 -0.4450307 -0.9926124 0.4032471
3394	0.5381957 0.16715711 -0.84958196 -0.9569347
3396	-0.9911394 -0.96893644 -0.9442921 0.9990078
3399	-0.9290586 0.92762804 -0.983562 0.38404524
3402	-0.7325046 -0.9564053 -0.9385303 0.972255
3404	-0.972515 -0.805163 -0.7902372 0.84779537
3405	-0.99038184 -0.9372555 -0.9749477 0.99862206
3409	-0.33929908 -0.3848075 -0.96806 0.7309168
3411	0.47178048 -0.7461932 -0.99090105 0.6694849
3412	-0.32545486 -0.41254884 -0.8445733 0.46684545
3416	-0.9547956 -0.43351147 -0.7774211 0.87918925
3417	-0.98614836 -0.9785491 -0.91541857 0.996243
3418	-0.99003494 0.45785975 -0.4921136 0.23194693
3420	0.78422666 -0.33978146 -0.9836111 -0.95573103
3434	-0.9667995 -0.91742575 -0.9539255 0.9841913
3438	-0.9620843 -0.44093674 -0.90819466 0.9868245
3440	-0.8395538 -0.9570954 -0.9456996 0.93797696
3441	-0.96748114 -0.888168 -0.7649732 0.88373244
3443	-0.99017024 -0.9766271 -0.9687051 0.999594
3444	0.034562226 -0.9506985 -0.88076174 0.7752212
3446	-0.9134681 -0.78034925 -0.9842336 0.9811716
3448	0.6666199 -0.63295686 -0.98677385 -0.7380271
3452	-0.7540113 0.48397386 -0.95896685 0.95440173
3453	-0.22675203 -0.8960818 -0.70483327 0.50677043
3454	-0.9762651 -0.5096028 -0.34140307 0.14180563
3456	0.07658997 -0.9513021 -0.86438257 0.89124614
3464	-0.34133786 -0.92682016 -0.95956874 0.71497273
3471	-0.9534781 -0.8986037 -0.7325282 0.80204636
3477	-0.98722494 -0.96801746 -0.9560204 0.9985384
3478	0.56620014 0.9187095 -0.98174894 -0.9613147
3479	-0.89808905 -0.9838662 -0.9656763 0.99959135
3482	0.10444 -0.8648232 -0.89151376 -0.2069821
3483	-0.36133805 -0.95593774 -0.34748667 0.67984223
3486	-0.96944946 -0.597605 0.009436205 0.2546317
3493	-0.8609052 -0.73554635 -0.8047856 0.5769446
3498	0.6184733 -0.9835861 -0.9743296 0.20775026
3499	-0.98784643 -0.94898117 -0.97565794 0.99885374
3505	-0.9691477 -0.97358704 -0.9574777 0.9974587
3507	-0.9741635 -0.89450526 -0.778986 0.9015738
3508	-0.9720366 -0.9300566 -0.9397425 0.9735911
3510	-0.95074856 -0.5829799 -0.97271043 0.87193197
3511	-0.47656393 -0.9744244 -0.4785276 0.9744748
3515	0.32160914 -0.90951693 -0.9495617 0.6987945
3518	-0.9874226 -0.9384947 -0.9497943 0.99702823
3522	-0.25469747 -0.8711387 -0.012230739 -0.26555645
3524	0.07358554 -0.8992417 -0.22825131 -0.17224397
3529	-0.96729124 -0.3802192 0.6025285 -0.83529955
3530	-0.9685365 -0.96902925 -0.67211825 0.96825635
3531	-0.9882065 -0.98407364 -0.957418 0.9991524
3535	-0.95587003 -0.5423067 -0.8538698 0.568311
3537	-0.9363976 -0.73809326 -0.9037747 0.8523228
3538	-0.9581399 -0.36520085 -0.85801256 0.6318639
3542	-0.9734025 -0.95525324 -0.94568026 0.9953348
3546	-0.53306055 -0.43656987 -0.9768343 0.99557686
3551	-0.45656958 0.4227183 -0.38412583 -0.15288198
3555	-0.9113091 0.6425093 -0.2673363 -0.75513524
3559	-0.97215647 -0.49430335 -0.6776873 0.42249733
3561	-0.6450654 -0.93642914 -0.6443933 0.48887962
3563	-0.97758436 -0.8793403 -0.8045218 0.90863824
3578	0.71826124 0.44877166 -0.8405628 -0.96353245
3579	0.9310137 -0.91258615 -0.987924 -0.8092898
3585	-0.969556 -0.83278453 -0.7007459 0.79106283
3587	-0.9823506 -0.55711436 -0.9189551 0.8927819
3588	-0.8540776 -0.96288395 -0.95665157 0.9544338
3590	-0.04048404 -0.9413661 -0.72351867 0.20483509
3592	-0.28202975 -0.7518779 -0.74010646 0.13890894
3595	0.8786597 -0.9935415 -0.9904065 -0.009428136
3599	-0.44980234 -0.068676114 -0.8549137 0.55789685
3602	-0.98099136 -0.88009065 -0.14895512 0.7914415
3606	-0.88373876 -0.8594909 -0.85378593 0.6639575
3607	-0.97814643 -0.9537202 -0.9696512 0.9992082
3608	-0.4519642 -0.9885622 -0.9295391 0.99143565
3611	0.506852 -0.9911057 -0.97981477 0.58984727
3612	-0.9412068 -0.5664485 0.09002502 0.7658442
3617	-0.9547896 -0.2670241 0.12906575 0.8653115
3618	-0.8289001 -0.9782828 -0.9433355 0.99600935
3619	-0.46885347 -0.93368185 -0.8873466 0.8496951
3620	-0.46482387 -0.14153066 0.9045978 -0.9873918
3624	-0.98849034 -0.9825895 -0.8912294 0.99809295
3626	-0.94273126 0.5614363 -0.49133256 0.4363986
3630	0.7737742 -0.9611907 -0.42969814 -0.03905341
3631	-0.991718 -0.97357726 -0.9410938 0.99883425
3633	-0.9853259 -0.8390043 -0.8543266 0.9458318
3637	-0.6248574 -0.9362781 -0.93603384 0.95845824
3640	0.15312612 -0.911356 -0.94709873 0.3727173
3644	-0.98642313 -0.97140855 -0.93190724 0.99864995
3650	0.36108574 -0.98406756 -0.37794623 0.7679449
3651	0.098631576 -0.9764867 -0.9696034 0.81157875
3656	-0.3881087 -0.6649786 -0.9428325 0.9028857
3657	0.8170119 -0.48822606 -0.98218524 -0.9492334
3665	-0.89025676 -0.9782648 -0.927379 0.9943502
3666	0.8401207 0.037216723 -0.9513573 -0.93344253
3668	-0.99049634 -0.98767745 -0.9602591 0.99965304
3672	-0.14575163 -0.9661912 -0.9798376 0.96800697
3675	-0.97499764 0.19209875 -0.95869267 0.8319468
3676	-0.99416494 -0.060135752 -0.94211864 0.99039614
3678	0.8351693 -0.83413506 -0.9604242 0.14796539
3684	-0.5631357 -0.114812456 -0.45505625 -0.1811313
3685	-0.5024857 -0.51893204 -0.9193468 0.6026606
3687	-0.99471706 -0.8983838 -0.9546089 0.9986733
3688	-0.90434146 -0.0496656 -0.4490547 0.17448276
3689	-0.96877754 -0.9607352 -0.9312103 0.994084
3691	-0.470625 -0.71881175 -0.904708 0.8218974
3692	-0.9838828 -0.97904754 -0.9489571 0.99870026
3693	-0.31303912 0.8153336 -0.9889468 0.1284681
3694	-0.9312568 -0.8499825 -0.9857935 0.989879
3695	0.043462783 -0.9846047 -0.949186 0.5528066
3696	0.7345445 -0.78334904 -0.90506923 -0.36582455
3698	-0.38320595 0.26947334 -0.97449315 0.69346786
3704	-0.9885293 -0.5271029 -0.9507681 0.9753527
3705	0.86033446 -0.9917762 -0.9874866 0.36658967
3706	-0.96543086 -0.92030895 -0.8071882 0.90675855
3708	-0.99093676 -0.9782407 -0.94077426 0.998672
3714	-0.9684326 -0.9365493 -0.96482086 0.9979129
3715	-0.9941705 -0.6109195 -0.855026 0.9717573
3718	-0.49361694 -0.98202115 -0.9745006 0.999287
3719	-0.991255 -0.3709029 -0.97965026 0.9973769
3722	-0.6990112 -0.9821432 -0.9425091 0.9964416
3723	0.10714601 -0.8901485 -0.8913832 0.35577998
3729	-0.9686152 -0.96889216 -0.97634864 0.99602044
3733	-0.8295143 -0.9784633 -0.8771704 0.9737744
3735	-0.4341981 -0.9787268 -0.7580581 0.98273146
3737	-0.44903105 -0.97597075 -0.9819176 0.9952126
3739	0.550083 -0.9511041 -0.96705323 0.6704688
3744	-0.9502183 0.9116324 -0.98899853 0.4914093
3745	-0.54316276 0.9608167 -0.98244464 -0.69828093
3746	-0.98138946 -0.6994781 -0.9866073 0.9928438
3747	-0.4899142 -0.95366365 -0.80663615 0.3603425
3748	-0.5919958 -0.95717674 -0.9856192 0.99914837
3749	-0.91872406 0.83686554 -0.9829922 0.8564793
3751	-0.8694886 0.8325865 -0.98768234 0.65256476
3754	-0.82818484 -0.95332235 -0.97897357 0.9819452
3755	-0.32512158 -0.8292676 -0.9113354 0.84924614
3760	-0.97918624 -0.9725683 -0.92581356 0.99551934
3768	-0.9760581 -0.97378343 -0.8758962 0.98673666
3770	0.045521647 -0.9938437 -0.97241306 0.961875
3771	-0.43339378 -0.98480844 -0.882177 0.988279
3779	0.5477469 0.7545782 -0.98305714 -0.89419603
3780	-0.10238304 -0.9854644 -0.98440063 0.5554178
3787	-0.9754682 -0.3544761 -0.86048365 0.98864114
3789	-0.9669306 -0.8597599 -0.80818594 0.9291545
3794	-0.9862282 -0.3945397 -0.22223273 0.88618326
3798	-0.43345225 -0.10110295 0.3745241 -0.69580376
3803	-0.9888859 0.49356166 -0.7271503 0.26357156
3806	-0.97253513 -0.7339097 -0.87071633 0.924372
3808	-0.86922634 -0.9021956 -0.76438123 0.92496085
3814	-0.98808587 -0.892526 -0.9194772 0.985806
3821	-0.9894049 0.5605865 0.8691272 -0.9968878
3822	-0.8384574 -0.14273547 0.6475334 -0.7050052
3823	-0.96808666 -0.8089344 0.30352816 0.2510075
3827	-0.97145736 -0.69936943 -0.08330645 0.115939006
3829	-0.9939797 -0.90325296 -0.9752866 0.9989679
3830	-0.8970151 -0.24351826 -0.584514 0.17321952
3831	-0.9856272 -0.14427789 -0.94658387 0.64221036
3833	0.094808444 -0.9650847 0.032304183 0.24910656
3835	-0.8503152 0.22575065 -0.74388176 0.49137488
3837	-0.5437925 0.7990356 -0.90186524 -0.88477993
3841	-0.47045985 -0.87256956 -0.96668816 0.8802366
3842	-0.8827146 -0.40574825 -0.48691636 0.3152277
3845	-0.48958108 -0.95255715 -0.9242699 0.9898476
3872	-0.047933817 0.043644726 -0.9093679 0.2961123
3874	-0.9828525 -0.6228895 -0.16272002 0.2920158
3876	-0.76613724 -0.9597267 -0.96898854 0.9538777
3878	-0.95474255 -0.8384801 -0.7796928 0.7678405
3879	-0.57523614 -0.9519554 -0.93434584 0.9810464
3880	-0.39969492 0.32067192 -0.71370673 -0.23373318
3881	-0.95486665 0.94260216 -0.9866624 0.3234766
3882	-0.9828252 -0.9550299 -0.96813893 0.997503
3883	-0.86698174 -0.9691882 -0.7926399 0.97409403
3885	-0.9841442 0.39618802 0.29606724 0.5919662
3889	-0.48645926 -0.38386908 -0.82208896 0.59185517
3892	-0.9827409 -0.98502743 -0.94276667 0.99872315
3893	-0.5365303 -0.18406445 -0.36720473 -0.15699916
3894	-0.9569545 0.20023084 -0.99217975 0.84094906
3897	-0.97643805 -0.057822518 -0.97241306 0.7167808
3903	-0.9840592 -0.8187238 -0.855415 0.9578551
3904	0.14833717 -0.78352237 -0.8501164 -0.4325889
3906	-0.91561604 -0.8873534 -0.95746017 0.9422543
3910	-0.514178 -0.42209813 -0.8787098 0.97268844
3912	-0.9407598 -0.6653446 -0.98564994 0.98063946
3913	-0.42966923 -0.8406267 -0.67840767 0.20071298
3914	-0.8960363 -0.9597342 -0.84830797 0.8673054
3922	0.17828658 -0.5506313 -0.6441668 -0.5158108
3925	-0.9564601 -0.28166008 -0.88299465 0.7796104
3926	-0.45279953 -0.6842747 -0.71425736 -0.07079148
3927	-0.909253 -0.8144734 -0.9338159 0.92716044
3934	-0.89507675 0.96986735 -0.30086586 -0.71639013
3937	-0.79919946 -0.8603456 -0.9885256 0.90589386
3941	-0.93283284 -0.966358 -0.84897864 0.9631718
3943	0.96729296 -0.989403 -0.9921237 -0.35940838
3944	-0.43318728 -0.89526486 -0.8830605 0.9307034
3946	-0.97209513 0.050513133 0.89827013 -0.9239073
3948	0.08912408 -0.9327076 -0.9374324 0.44731852
3949	-0.97326654 -0.1622937 -0.3913046 0.23098344
3950	0.8594023 -0.9949624 -0.99486816 0.946123
3951	-0.93054515 -0.84979326 -0.93631124 0.9088572
3953	-0.84824884 -0.92066765 -0.86106133 0.8795415
3954	-0.8852385 -0.54941654 -0.63224775 0.61211735
3955	-0.873655 0.09865362 -0.14128508 -0.44994977
3956	-0.36302227 -0.025694001 -0.85690564 0.109682456
3959	-0.047972172 -0.9953256 -0.98459005 0.99734294
3961	-0.9490951 -0.65487933 -0.94909453 0.9090363
3962	-0.9297203 -0.72243536 -0.96076536 0.99851024
3964	-0.8811195 -0.6019225 -0.94717336 0.5678627
3966	-0.9838793 -0.9625944 -0.9617995 0.99844706
3968	-0.8729888 -0.9857854 -0.9856974 0.99626803
3970	0.19599251 -0.71359265 -0.49104688 -0.8558245
3972	0.060781598 -0.7795425 -0.89512527 0.43433842
3974	0.033328332 -0.8411597 -0.74968123 0.0476757
3975	-0.458822 -0.41863218 -0.76577806 0.36218816
3976	-0.97716284 0.23523416 -0.959652 0.4110413
3977	-0.83811224 -0.98121566 -0.9615772 0.98552847
3982	-0.93529296 -0.92848885 -0.8933127 0.8596416
3986	-0.2890841 -0.07238427 -0.51019454 -0.03072241
3988	-0.86427206 0.69119155 -0.41120365 -0.9605534
3993	-0.96389246 -0.88545775 -0.9320508 0.9431802
3999	-0.75373125 -0.98458683 -0.90144557 0.9937723
4001	0.086412326 -0.715698 -0.53782576 -0.30221367
4003	-0.2248767 0.3256268 -0.89232445 -0.23385547
4005	-0.3230071 -0.97237486 -0.9668902 0.9643849
4013	0.1374911 -0.8666112 -0.82477576 0.071685895
4015	0.21704209 -0.32485378 -0.8953788 0.07816813
4017	-0.9938556 -0.62115 -0.5318923 0.9624332
4022	-0.18005432 -0.47380155 -0.34560925 0.19158405
4028	-0.3736871 -0.97492033 -0.8356779 0.9337386
4030	-0.96834064 -0.7576337 -0.38918215 0.9493569
4034	-0.9777066 -0.83550334 -0.7769538 0.8428197
4035	-0.9598378 -0.9734976 -0.94111955 0.99350953
4038	-0.9871228 -0.7708781 -0.97693455 0.9952953
4040	-0.9269232 -0.8967629 -0.7022271 0.59530413
4044	-0.48142686 0.23214239 -0.9843879 0.55931205
4049	-0.9541036 -0.953196 -0.7256999 0.8641936
4054	0.8907472 -0.50098413 -0.9941412 -0.8597179
4056	-0.9633775 -0.73459303 -0.39810395 0.39550164
4058	-0.12565511 -0.7250873 -0.9505702 0.3443483
4063	-0.9441134 -0.40206167 -0.8837982 0.86392516
4068	-0.50137496 -0.724339 -0.39191929 0.43057895
4069	-0.020148853 -0.36295846 -0.8934719 0.40677845
4071	0.21456936 -0.962842 -0.9857259 0.78659886
4077	0.18174547 0.77161276 -0.0047280416 -0.9775336
4086	0.034692623 -0.16888006 -0.42357686 -0.45934308
4092	-0.9064422 -0.97399414 -0.8984945 0.96903455
4093	-0.46145234 -0.6495162 -0.22900607 0.070984855
4094	0.33773878 -0.981306 -0.99449784 0.9667895
4097	-0.55320257 0.022016555 -0.49794862 -0.27842104
4099	-0.99389714 0.40121615 -0.09951773 -0.22851995
4102	-0.92944664 -0.8438494 -0.8186978 0.8367433
4103	-0.21013999 -0.9796059 -0.9817749 0.81903577
4104	-0.20771506 -0.6441437 -0.98981166 0.7820483
4108	0.37803024 -0.353117 -0.45237502 -0.88378453
4110	0.40406373 -0.48154292 -0.9927845 0.39484853
4112	-0.99161255 -0.98458886 -0.93510056 0.9993714
4113	-0.6905283 -0.016216934 -0.9854866 0.99802154
4117	-0.58191454 -0.20204508 -0.9298667 0.7695004
4126	0.91815877 -0.9756751 -0.98630685 -0.37935093
4127	-0.20687331 -0.9730722 -0.81275916 0.9519379
4130	0.30980325 -0.90268767 -0.946547 0.655933
4131	-0.9858283 -0.9191546 -0.93913996 0.9903853
4139	-0.7447976 -0.8132365 -0.8320236 0.34776556
4141	-0.9658455 -0.019026592 0.74276793 -0.84571713
4143	-0.46652398 -0.27258164 -0.9619808 0.8263045
4147	-0.7077246 -0.33725 0.09968532 -0.9085487
4150	-0.9522555 -0.65285873 0.2772647 0.9548761
4151	-0.71046156 -0.42558423 -0.48530322 -0.059687033
4153	-0.35038102 -0.8643408 -0.9367136 0.76779217
