0	0
7	0
14	0
17	0
18	0
21	0
22	0
26	0
28	0
42	0
43	0
46	0
47	0
48	0
59	0
61	0
62	0
67	0
72	0
73	0
76	0
78	0
79	0
81	0
84	0
85	0
88	0
89	0
97	0
101	0
103	0
104	0
107	0
109	0
110	0
113	0
115	0
121	0
124	0
131	0
136	0
144	0
146	0
148	0
156	0
160	0
164	0
165	0
174	0
175	0
177	0
182	0
184	0
188	0
194	0
197	0
202	0
203	0
205	0
207	0
209	0
211	0
216	0
217	0
219	0
223	0
226	0
228	0
229	0
232	0
235	0
242	0
245	0
246	0
254	0
255	0
260	0
262	0
264	0
266	0
269	0
272	0
274	0
276	0
278	0
281	0
282	0
287	0
288	0
290	0
291	0
294	0
298	0
302	0
304	0
307	0
309	0
313	0
318	0
320	0
321	0
325	0
328	0
330	0
331	0
333	0
335	0
339	0
340	0
343	0
353	0
360	0
362	0
364	0
375	0
377	0
391	0
392	0
396	0
401	0
405	0
406	0
407	0
414	0
422	0
423	0
424	0
433	0
439	0
445	0
448	0
449	0
455	0
456	0
461	0
465	0
466	0
471	0
482	0
483	0
485	0
487	0
493	0
497	0
500	0
501	0
503	0
508	0
510	0
519	0
520	0
521	0
523	0
525	0
527	0
531	0
532	0
540	0
541	0
542	0
551	0
554	0
556	0
559	0
561	0
563	0
564	0
567	0
571	0
573	0
578	0
581	0
584	0
587	0
595	0
597	0
602	0
604	0
605	0
606	0
609	0
612	0
614	0
617	0
620	0
632	0
633	0
641	0
642	0
648	0
649	0
651	0
655	0
657	0
664	0
670	0
672	0
678	0
679	0
681	0
683	0
692	0
693	0
698	0
700	0
705	0
708	0
709	0
710	0
711	0
717	0
727	0
740	0
741	0
743	0
745	0
750	0
759	0
760	0
761	0
762	0
766	0
767	0
771	0
773	0
775	0
776	0
783	0
785	0
794	0
796	0
797	0
798	0
799	0
800	0
802	0
803	0
804	0
806	0
810	0
812	0
818	0
830	0
834	0
836	0
838	0
839	0
840	0
841	0
847	0
855	0
856	0
857	0
858	0
859	0
868	0
869	0
870	0
879	0
880	0
883	0
890	0
893	0
894	0
903	0
904	0
906	0
910	0
911	0
913	0
919	0
922	0
927	0
933	0
934	0
937	0
943	0
945	0
946	0
948	0
949	0
950	0
958	0
959	0
961	0
964	0
977	0
982	0
984	0
985	0
990	0
993	0
994	0
996	0
999	0
1010	0
1014	0
1016	0
1017	0
1020	0
1026	0
1028	0
1035	1
1036	1
1043	1
1047	1
1048	1
1049	1
1053	1
1056	1
1057	1
1064	1
1065	1
1072	1
1075	1
1076	1
1077	1
1080	1
1091	1
1098	1
1102	1
1104	1
1106	1
1107	1
1108	1
1118	1
1125	1
1127	1
1129	1
1136	1
1146	1
1147	1
1153	1
1155	1
1157	1
1158	1
1160	1
1165	1
1173	1
1176	1
1178	1
1179	1
1180	1
1181	1
1183	1
1185	1
1188	1
1190	1
1197	1
1198	1
1200	1
1201	1
1205	1
1208	1
1213	1
1216	1
1217	1
1219	1
1222	1
1223	1
1224	1
1226	1
1228	1
1229	1
1232	1
1244	1
1252	1
1260	1
1264	1
1275	1
1276	1
1280	1
1283	1
1287	1
1290	1
1298	1
1299	1
1301	1
1303	1
1314	1
1318	1
1319	1
1321	1
1325	1
1326	1
1327	1
1329	1
1331	1
1333	1
1338	1
1343	1
1347	1
1350	1
1360	1
1362	1
1363	1
1365	1
1366	1
1367	1
1368	1
1371	1
1372	1
1377	1
1379	1
1383	1
1386	1
1392	1
1397	1
1399	1
1400	1
1403	1
1405	1
1406	1
1411	1
1412	1
1419	1
1421	1
1425	1
1427	1
1436	1
1438	1
1445	1
1447	1
1448	1
1452	1
1453	1
1455	1
1456	1
1458	1
1463	1
1464	1
1474	1
1476	1
1478	1
1490	1
1494	1
1496	1
1501	1
1502	1
1504	1
1509	1
1513	1
1514	1
1515	1
1516	1
1519	1
1525	1
1528	1
1535	1
1536	1
1547	1
1558	1
1560	1
1561	1
1565	1
1567	1
1575	1
1578	1
1583	1
1585	1
1588	1
1594	1
1597	1
1602	1
1604	1
1607	1
1610	1
1611	1
1613	1
1615	1
1621	1
1625	1
1627	1
1628	1
1629	1
1630	1
1633	1
1636	1
1638	1
1644	1
1645	1
1647	1
1648	1
1652	1
1655	1
1658	1
1659	1
1662	1
1664	1
1667	1
1668	1
1670	1
1673	1
1678	1
1682	1
1685	1
1691	1
1694	1
1697	1
1701	1
1707	1
1708	1
1711	1
1712	1
1719	1
1723	1
1730	1
1731	1
1741	1
1742	1
1744	1
1746	1
1747	1
1752	1
1756	1
1760	1
1762	1
1763	1
1767	1
1768	1
1776	1
1787	1
1788	1
1790	1
1792	1
1793	1
1796	1
1798	1
1808	1
1810	1
1813	1
1830	1
1832	1
1833	1
1834	1
1838	1
1841	1
1847	1
1848	1
1852	1
1854	1
1856	1
1857	1
1860	1
1864	1
1873	1
1874	1
1876	1
1877	1
1880	1
1881	1
1882	1
1885	1
1887	1
1889	1
1892	1
1893	1
1895	1
1897	1
1899	1
1900	1
1901	1
1902	1
1904	1
1906	1
1907	1
1911	1
1913	1
1917	1
1923	1
1924	1
1926	1
1934	1
1935	1
1944	1
1945	1
1949	1
1951	1
1952	1
1953	1
1958	1
1960	1
1961	1
1962	1
1965	1
1967	1
1970	1
1971	1
1978	1
1981	1
1982	1
1984	1
1989	1
1990	1
2000	1
2001	1
2004	1
2005	1
2006	1
2014	1
2023	1
2029	1
2031	1
2036	1
2038	1
2041	1
2043	1
2045	1
2049	1
2053	1
2055	1
2057	1
2061	1
2065	1
2070	1
2085	2
2088	2
2089	2
2093	2
2095	2
2102	2
2103	2
2107	2
2110	2
2119	2
2125	2
2138	2
2139	2
2145	2
2151	2
2152	2
2156	2
2158	2
2163	2
2164	2
2165	2
2170	2
2171	2
2178	2
2186	2
2188	2
2189	2
2192	2
2193	2
2194	2
2197	2
2205	2
2206	2
2208	2
2214	2
2217	2
2221	2
2222	2
2223	2
2224	2
2228	2
2229	2
2230	2
2232	2
2239	2
2241	2
2242	2
2244	2
2245	2
2255	2
2260	2
2261	2
2262	2
2264	2
2270	2
2275	2
2280	2
2291	2
2293	2
2297	2
2301	2
2304	2
2306	2
2307	2
2308	2
2310	2
2312	2
2324	2
2325	2
2332	2
2333	2
2336	2
2337	2
2338	2
2343	2
2345	2
2347	2
2349	2
2350	2
2351	2
2352	2
2358	2
2360	2
2364	2
2366	2
2367	2
2368	2
2372	2
2373	2
2374	2
2375	2
2377	2
2384	2
2385	2
2387	2
2389	2
2392	2
2393	2
2394	2
2399	2
2402	2
2403	2
2404	2
2409	2
2411	2
2419	2
2420	2
2421	2
2423	2
2435	2
2437	2
2439	2
2443	2
2445	2
2451	2
2452	2
2453	2
2457	2
2458	2
2459	2
2465	2
2468	2
2471	2
2482	2
2483	2
2487	2
2488	2
2490	2
2497	2
2500	2
2502	2
2506	2
2507	2
2508	2
2511	2
2514	2
2515	2
2516	2
2518	2
2523	2
2526	2
2527	2
2532	2
2534	2
2536	2
2540	2
2541	2
2543	2
2545	2
2549	2
2550	2
2551	2
2557	2
2560	2
2561	2
2563	2
2568	2
2571	2
2573	2
2578	2
2582	2
2583	2
2587	2
2590	2
2593	2
2603	2
2606	2
2608	2
2612	2
2620	2
2621	2
2622	2
2626	2
2627	2
2629	2
2637	2
2639	2
2641	2
2642	2
2647	2
2650	2
2652	2
2658	2
2660	2
2661	2
2663	2
2666	2
2667	2
2671	2
2676	2
2681	2
2682	2
2683	2
2684	2
2685	2
2697	2
2700	2
2705	2
2709	2
2711	2
2714	2
2716	2
2721	2
2724	2
2726	2
2730	2
2731	2
2732	2
2739	2
2743	2
2744	2
2752	2
2756	2
2760	2
2764	2
2766	2
2767	2
2768	2
2777	2
2784	2
2787	2
2788	2
2789	2
2791	2
2795	2
2797	2
2798	2
2801	2
2806	2
2807	2
2808	2
2811	2
2814	2
2820	2
2824	2
2828	2
2829	2
2834	2
2837	2
2838	2
2839	2
2840	2
2849	2
2854	2
2857	2
2858	2
2867	2
2871	2
2877	2
2879	2
2880	2
2881	2
2886	2
2890	2
2892	2
2893	2
2894	2
2897	2
2899	2
2906	2
2910	2
2911	2
2913	2
2917	2
2921	2
2926	2
2927	2
2928	2
2931	2
2945	2
2949	2
2955	2
2958	2
2959	2
2963	2
2966	2
2968	2
2971	2
2972	2
2975	2
2976	2
2977	2
2982	2
2983	2
2986	2
2988	2
2989	2
2990	2
2994	2
2998	2
2999	2
3007	2
3016	2
3017	2
3019	2
3021	2
3022	2
3024	2
3025	2
3026	2
3029	2
3030	2
3031	2
3038	2
3040	2
3045	2
3046	2
3048	2
3050	2
3051	2
3052	2
3054	2
3056	2
3058	2
3060	2
3069	2
3079	2
3083	2
3088	2
3094	2
3099	2
3100	2
3103	2
3104	2
3108	2
3110	2
3117	2
3133	3
3135	3
3136	3
3143	3
3144	3
3150	3
3152	3
3154	3
3168	3
3171	3
3174	3
3175	3
3176	3
3178	3
3179	3
3183	3
3185	3
3186	3
3187	3
3197	3
3199	3
3202	3
3205	3
3206	3
3209	3
3210	3
3211	3
3217	3
3220	3
3222	3
3225	3
3227	3
3228	3
3230	3
3233	3
3235	3
3238	3
3239	3
3243	3
3248	3
3249	3
3253	3
3259	3
3260	3
3261	3
3262	3
3266	3
3286	3
3287	3
3288	3
3292	3
3295	3
3303	3
3304	3
3310	3
3312	3
3313	3
3318	3
3320	3
3323	3
3324	3
3326	3
3331	3
3333	3
3334	3
3340	3
3342	3
3343	3
3351	3
3352	3
3353	3
3357	3
3359	3
3362	3
3363	3
3366	3
3372	3
3374	3
3377	3
3378	3
3383	3
3387	3
3393	3
3396	3
3398	3
3400	3
3406	3
3407	3
3408	3
3414	3
3417	3
3418	3
3420	3
3421	3
3429	3
3430	3
3431	3
3437	3
3439	3
3447	3
3449	3
3450	3
3454	3
3458	3
3460	3
3463	3
3468	3
3470	3
3476	3
3478	3
3484	3
3487	3
3489	3
3497	3
3504	3
3506	3
3507	3
3511	3
3512	3
3513	3
3514	3
3515	3
3516	3
3519	3
3521	3
3522	3
3530	3
3536	3
3538	3
3540	3
3542	3
3544	3
3550	3
3551	3
3552	3
3553	3
3559	3
3564	3
3565	3
3568	3
3569	3
3571	3
3572	3
3575	3
3577	3
3579	3
3580	3
3581	3
3585	3
3591	3
3596	3
3597	3
3601	3
3608	3
3609	3
3619	3
3622	3
3623	3
3624	3
3625	3
3626	3
3630	3
3632	3
3634	3
3637	3
3641	3
3646	3
3655	3
3656	3
3657	3
3664	3
3671	3
3673	3
3676	3
3677	3
3686	3
3694	3
3703	3
3705	3
3708	3
3712	3
3719	3
3722	3
3723	3
3727	3
3728	3
3730	3
3737	3
3738	3
3740	3
3744	3
3752	3
3754	3
3758	3
3762	3
3763	3
3769	3
3784	3
3793	3
3795	3
3796	3
3798	3
3800	3
3801	3
3802	3
3803	3
3804	3
3805	3
3808	3
3809	3
3812	3
3816	3
3817	3
3818	3
3822	3
3824	3
3825	3
3833	3
3835	3
3836	3
3837	3
3839	3
3843	3
3844	3
3846	3
3847	3
3850	3
3851	3
3854	3
3855	3
3860	3
3862	3
3865	3
3871	3
3872	3
3873	3
3878	3
3882	3
3887	3
3888	3
3898	3
3899	3
3902	3
3903	3
3907	3
3908	3
3910	3
3911	3
3913	3
3917	3
3921	3
3924	3
3927	3
3929	3
3938	3
3939	3
3947	3
3952	3
3953	3
3955	3
3959	3
3966	3
3977	3
3980	3
3984	3
3985	3
3987	3
3990	3
3992	3
3997	3
3998	3
3999	3
4002	3
4006	3
4008	3
4011	3
4014	3
4016	3
4017	3
4026	3
4029	3
4044	3
4052	3
4054	3
4061	3
4063	3
4065	3
4072	3
4074	3
4076	3
4081	3
4082	3
4085	3
4088	3
4093	3
4095	3
4100	3
4101	3
4106	3
4109	3
4111	3
4118	3
4122	3
4126	3
4127	3
4132	3
4135	3
4137	3
4139	3
4142	3
4145	3
4157	3
4160	3
4163	3
4164	3
4166	3
4169	3
4170	3
4172	3
4175	3
