size=64, nhead=8, dropout=0.4, neigh-por=0.6, lr=0.01, batch-size=256, epochs=100, attributed=True, supervised=True
1	0.9977803 -0.995734 -0.9999933 -0.512416
2	0.99316037 -0.9853846 -0.99982506 -0.966303
3	0.74285316 -0.9997012 -0.99996185 0.98733217
6	0.99323183 -0.99896675 -0.9496483 -0.9990791
8	0.99044514 -0.9992594 -0.9999749 -0.3079504
10	0.9939087 -0.99770045 -0.9991715 -0.96881175
11	0.9233923 -0.9985021 -0.9997694 -0.3632409
12	0.88665444 -0.9999401 -0.99842525 -0.28727332
13	0.49552253 -0.99864113 -0.9999652 0.9699992
15	0.893363 -0.99922556 -0.9326513 -0.9860214
16	0.99648094 -0.99941653 -0.9999677 -0.43467134
20	0.4863991 -0.99775255 -0.80117965 -0.98457533
30	0.9984857 -0.99985105 -0.9960793 -0.979429
33	0.99168664 -0.9999044 -0.99912816 -0.5993862
38	0.99897486 -0.9998165 -0.99489444 -0.9911095
49	0.9226636 -0.941216 -0.98465955 -0.9957673
53	0.6574823 -0.9995044 -0.999916 -0.23720731
54	0.64261943 -0.9945279 -0.9983737 -0.64546734
55	0.24943915 -0.99813455 -0.7570189 -0.8665771
56	0.8267363 -0.99991024 -0.44111204 -0.5494391
57	0.7485979 -0.99814904 -0.4557924 -0.9946982
58	0.7486628 -0.9999216 -0.9110701 -0.6557841
60	0.9145904 -0.9999624 -0.94202995 -0.7463227
64	-0.9823808 -0.9996842 0.9005217 -0.91127414
74	0.23153494 -0.99989086 -0.2407873 -0.46557122
75	0.7982949 -0.9998078 -0.9882861 -0.61040473
86	0.93403214 -0.9840263 -0.9961512 -0.9890964
87	0.9654424 -0.99997485 -0.9975514 0.87294173
91	0.93150556 -0.998289 -0.9980492 -0.4075655
92	0.96093094 -0.99903923 -0.8424293 -0.9981319
93	0.40380463 -0.9269713 -0.3363499 -0.9999479
94	0.99735487 -0.998692 -0.99962723 -0.9456438
96	0.9976752 -0.99616176 -0.9999724 0.028075177
98	0.9037964 -0.98947895 -0.99585426 -0.9085795
99	0.9972075 -0.9997921 -0.99984205 -0.6068078
100	0.98841 -0.99984145 -0.9992534 -0.58669794
102	0.99576443 -0.9998942 -0.9981263 -0.85861796
105	0.50062287 -0.7914555 -0.9618434 -0.9982659
106	-0.94157374 -0.9989325 -0.9639357 -0.059997384
108	0.36142194 -0.9998164 0.7535887 0.2373587
112	-0.99989897 -0.99253994 0.9994998 -0.99781156
117	0.9548022 -0.9996153 -0.9986872 -0.6079647
120	0.99112123 -0.99998295 -0.99431777 -0.66114444
129	0.99724096 -0.9986822 -0.9999721 -0.5802852
132	0.9627169 -0.9926372 -0.9994095 -0.90350485
134	0.94269246 -0.9998196 -0.9991437 -0.3722043
135	0.99842757 -0.99856085 -0.9978555 -0.9951176
137	-0.97728056 -0.9978105 -0.9289169 -0.054721493
138	0.3827278 -0.9999713 -0.9989606 0.9958714
143	0.9984438 -0.9997675 -0.9986652 -0.95581895
145	0.96532696 -0.9989035 -0.9748645 -0.98958486
149	0.974546 -0.9997188 -0.7598637 -0.9984009
152	0.9433447 -0.3349522 -0.99899626 -0.9859132
154	0.9662414 -0.99992085 -0.99661195 -0.5734282
155	0.8650036 -0.85315055 -0.9985274 0.17368247
159	0.99851125 -0.99994713 -0.17401943 -0.9747662
162	-0.25814423 -0.9990764 -0.998828 0.41569498
163	0.98509717 -0.99987364 -0.999792 -0.33205396
166	0.99321574 -0.9948622 -0.99983066 -0.9143016
168	0.99607563 -0.9993879 -0.9803329 -0.99744
178	0.9309724 -0.9999675 -0.94075626 0.013814357
180	0.98263204 -0.9987938 -0.99799746 -0.9410676
183	0.94292706 -0.99988526 -0.8303818 -0.9858934
185	0.99768704 -0.9998436 -0.9997559 -0.6713006
186	0.6074152 -0.9996411 -0.9974474 -0.31146595
189	-0.7746056 -0.9317315 -0.9992072 0.8397744
190	0.5688412 -0.97030807 -0.79472214 -0.9864191
193	0.9944358 -0.999599 -0.99972415 -0.69863087
196	0.71468675 -0.9979318 -0.5279757 -0.9988844
201	0.99912995 -0.9976441 -0.99996865 -0.7699592
208	0.90447885 -0.9999278 -0.99926996 -0.26398596
210	-0.08524182 -0.9977574 -0.9994944 0.8498492
212	0.27039737 -0.99918604 -0.9703507 -0.36282828
213	0.9955311 -0.9974116 -0.9998693 -0.84641874
214	0.99585134 -0.9986019 -0.9999747 -0.39073414
220	0.98860615 -0.9977339 -0.9999778 -0.37079442
221	0.47533455 -0.91138095 -0.997152 -0.8110367
224	0.3711341 -0.99970126 -0.42570505 -0.97779363
225	0.97593623 -0.9992043 -0.99079484 -0.9742518
241	0.98720956 -0.99924624 -0.9962098 -0.96270776
244	0.3426778 -0.98790115 -0.99809563 -0.46942982
247	0.9743909 -0.99886346 -0.9995914 -0.67213875
248	0.99587005 -0.9995442 -0.97321063 -0.9971686
249	0.4547125 -0.9869695 -0.9910658 -0.8855662
252	0.9754489 -0.88068116 -0.999862 -0.943962
256	0.9756852 -0.9913468 -0.9992526 -0.9606503
257	0.98712605 -0.9979543 -0.9999688 -0.21284053
263	0.9885856 -0.999962 -0.7898547 -0.97336406
268	0.99504524 -0.9986626 -0.99968475 -0.89062303
283	0.99933106 -0.99010456 -0.99999 -0.6908248
285	0.99443793 -0.9990056 -0.99984115 -0.74286187
286	0.9978602 -0.999953 -0.96104985 -0.9852584
289	0.9905671 -0.98418885 -0.99982053 -0.9592262
299	0.9950831 -0.9996364 -0.9469734 -0.99833417
300	0.9965013 -0.9987088 -0.9989122 -0.976071
301	0.9610538 -0.94526756 -0.999832 -0.91092604
305	0.7862819 -0.99852455 -0.99992317 0.15924807
310	0.28907174 -0.99679345 -0.98533547 -0.50218356
311	0.9665004 -0.99981296 -0.99097246 0.4843601
312	0.99638665 -0.99985325 -0.9974471 -0.92766017
315	0.98139614 -0.99526787 -0.99997616 -0.4280364
317	0.79518664 -0.98944944 -0.5075886 -0.9982668
327	0.9964184 -0.99986935 -0.99912155 -0.8051435
332	0.36390853 -0.99867564 -0.4020809 -0.99459517
334	0.98909223 -0.9907461 -0.9999347 -0.8117692
336	0.93343735 -0.9923695 -0.99947023 -0.83978534
346	0.9386469 -0.99906784 -0.99996966 -0.24642189
347	0.95301914 -0.9507513 -0.99914074 -0.982894
348	0.7117288 -0.94079953 -0.99921566 -0.89516103
351	0.45474392 -0.7079643 -0.9938905 0.113611825
352	0.99146223 -0.99954134 -0.99860317 -0.8944333
354	0.9791125 -0.9773216 -0.9999278 -0.8537668
357	-0.22748654 -0.9999418 -0.9995639 0.9101632
359	0.990854 -0.99968815 -0.9998955 -0.39529777
361	0.5512773 -0.99126 -0.9998968 0.9128336
367	-0.8140613 -0.4175565 -0.6487567 -0.9957762
368	0.69396406 -0.99667954 -0.8863263 -0.99214536
370	0.99319005 -0.9999412 -0.9868747 -0.9425458
372	-0.9410212 0.18835331 -0.99943036 0.88932985
374	0.30657175 -0.025827523 -0.99998236 0.999812
378	-0.20457047 -0.9982602 -0.9999105 0.99903935
386	0.9916857 -0.99981534 -0.9681854 -0.98936415
388	-0.8198041 0.23910703 -0.9725006 -0.72321385
389	0.96922314 -0.5222791 -0.999399 -0.9922405
393	0.9945037 -0.97265756 -0.99913675 -0.9971218
394	0.9509964 -0.9928161 -0.99915296 -0.92144805
398	0.958321 -0.9637843 -0.99925077 -0.9816157
399	0.9950859 -0.9995842 -0.9937097 -0.98470545
402	0.9922786 -0.930076 -0.9981544 0.09400744
408	-0.84013164 0.11018942 -0.99985445 0.954231
409	-0.04537038 -0.9989035 -0.9999497 0.9859381
416	0.07437328 -0.9829713 -0.99998796 0.99609256
417	0.9986679 -0.99903494 -0.9999926 -0.40894854
418	0.9981389 -0.9996269 -0.9999991 0.9886566
419	0.99948454 -0.9999251 -0.99955344 -0.8477472
429	0.9982994 -0.9998715 -0.99362636 -0.9832785
430	0.23764807 -0.7692762 -0.9998376 0.997632
431	0.52543914 -0.99975127 -0.41415325 -0.99060804
436	0.99053204 -0.99891746 -0.99998415 -0.30907267
437	0.9934359 -0.83772314 -0.99995774 -0.7634552
440	0.9984653 -0.999963 -0.9884516 -0.9759053
442	0.90000975 -0.9959556 -0.99999803 -0.23550098
443	0.99448687 -0.9942406 -0.9999114 -0.88064104
444	0.24244137 -0.74532247 -0.9993572 0.919227
446	0.9945602 -0.99928135 -0.99996424 -0.4114429
447	-0.22676376 -0.24790508 -0.9999016 0.96993655
450	0.9850568 -0.9849546 -0.9965756 -0.97978425
452	0.98598695 -0.9731503 -0.99982435 -0.9616114
453	0.9966888 -0.9997808 -0.99898124 -0.8726484
457	-0.26578733 -0.9996369 -0.9999022 0.9610759
460	0.99298275 -0.99754965 -0.9991467 -0.944292
462	-0.6668928 -0.9989947 -0.99982136 0.99265504
464	0.7440317 -0.9989885 -0.77875614 -0.99291307
467	0.8552713 -0.99324596 -0.9768046 -0.99124914
473	0.90566707 -0.35599655 -0.99984217 -0.42486665
476	-0.96228456 -0.9994182 -0.998937 0.9970277
479	0.3360646 -0.9811059 -0.9965605 -0.64082575
486	0.99079686 -0.9981904 -0.99983793 -0.7573106
490	0.5382547 -0.56915075 -0.99633247 -0.99580073
492	0.9608235 -0.9995222 -0.9987208 -0.663343
494	0.33846703 -0.9977559 -0.9995458 0.26686484
507	-0.9428249 0.23353288 -0.99007326 0.9472379
515	-0.33619606 -0.9997851 -0.9998044 0.9986952
517	0.99640477 -0.99965405 -0.995498 -0.9778044
518	0.9549696 -0.99863726 -0.9999333 -0.32265332
528	0.99702233 -0.99848944 -0.96215254 -0.9995941
530	0.95740974 -0.88791716 -0.9995002 -0.99043775
536	0.9918798 -0.9954049 -0.9997792 -0.91408956
537	0.9646828 -0.9962872 -0.9974046 -0.96545875
538	0.91475177 -0.9999284 -0.9986965 -0.2705135
545	0.91618353 -0.9994899 -0.9991126 -0.33864412
549	0.9960988 -0.9999229 -0.9999218 -0.31311476
553	-0.84725237 -0.99855524 -0.99974465 0.99259406
566	0.99773455 -0.9529503 -0.99839157 -0.9837096
568	-0.67148155 0.4510237 -0.9996935 -0.8692755
569	0.9669486 -0.7879797 -0.9998507 -0.9874598
574	0.2300598 -0.9997243 -0.9773166 0.96025616
577	0.19672471 -0.93974614 -0.99922705 0.7443909
582	0.9953808 -0.9999718 -0.98598987 -0.9127431
583	0.423801 -0.997332 -0.8000714 -0.88987285
586	0.9575224 -0.9675787 -0.9998262 -0.91040397
588	0.995902 -0.99854034 -0.99981236 -0.86289656
589	0.99124146 -0.99043876 -0.9998278 -0.9378255
593	0.98640835 -0.9954221 -0.99986374 -0.8043156
594	0.99565077 -0.9979588 -0.9999885 -0.39802524
596	0.7971053 -0.98808104 -0.9998684 -0.4222369
598	0.98761153 -0.9995348 -0.9999902 -0.2432235
600	0.9940897 -0.995903 -0.9999987 -0.2629615
608	0.99475634 -0.99942756 -0.9481061 -0.9983234
610	0.99526304 -0.99995273 -0.98445386 -0.9585444
613	0.47222853 -0.08770208 -0.999767 -0.8680815
615	0.611632 -0.9985123 -0.99987394 -0.14686595
616	0.45342034 -0.99996215 -0.9978542 0.9961729
618	0.95670724 -0.98186284 -0.9997349 -0.864605
619	0.99150246 -0.99978095 -0.99949336 -0.63022023
621	0.994353 -0.9695953 -0.99992865 -0.94336915
622	0.9079558 -0.58394134 -0.9999087 -0.26966023
627	0.9654037 -0.99866265 -0.9973381 0.29452226
629	0.996993 -0.99881077 -0.9985847 -0.98284715
630	0.98985165 -0.9799265 -0.9996518 -0.9818967
634	0.9916932 -0.9942974 -0.9998803 -0.86939716
635	-0.42363444 -0.9995667 -0.99985254 0.98586327
639	0.37610534 -0.9965209 -0.9993697 0.45998067
643	0.9975051 -0.99685675 -0.9998833 -0.92495453
654	0.9786232 -0.9526046 -0.9989375 0.574602
656	0.5973987 -0.9993191 -0.99962795 -0.2467682
658	0.7406004 -0.99290437 -0.9982383 -0.0534833
660	0.9932897 -0.9967801 -0.9996123 -0.9386241
665	0.9908899 -0.9917873 -0.9998521 -0.7433358
667	-0.4348405 -0.9915623 -0.9998177 0.8528764
668	0.8547057 -0.9960373 -0.99271315 -0.9500669
669	0.98413646 -0.9972732 -0.99995667 0.42641327
673	0.7916446 -0.9998996 -0.9925739 -0.34964707
674	0.9933729 -0.99912584 -0.9999554 -0.44702613
675	0.5787291 -0.8780547 -0.99844867 -0.93418324
676	0.85522383 -0.996735 -0.99222463 -0.94604355
685	0.99652135 -0.9993156 -0.9998996 -0.67566186
687	0.9985584 -0.9997338 -0.998525 -0.9680226
688	0.8130952 -0.99840033 -0.99884737 -0.51661927
689	0.9921052 -0.99993736 -0.99976856 -0.33734238
694	0.9953275 -0.99989796 -0.9999661 0.7084978
695	0.9448185 -0.9318811 -0.99817055 -0.9948923
696	0.6852913 -0.84018487 -0.9999222 -0.28154287
699	0.52939594 0.17514065 -0.9972723 -0.47695693
702	-0.23727699 -0.99963534 -0.9999685 0.9471819
703	0.9698906 0.11740539 -0.9999208 -0.4988443
706	0.6059182 0.23980136 -0.9999836 -0.34493092
712	-0.5775319 -0.91830516 -0.99951375 0.41499227
714	0.9889196 -0.94441277 -0.9999036 -0.9704698
716	0.25690955 0.1920349 -0.9919612 -0.9532066
718	0.9616742 -0.99986327 -0.99971324 -0.29351258
720	-0.31849614 0.2346409 -0.9999971 0.9910164
721	0.81437683 0.50889724 -0.9999772 -0.8193619
723	0.9937298 -0.99715793 -0.9999912 0.8541774
724	0.9982136 -0.99979705 -0.9931525 -0.98996454
726	0.986961 -0.9817354 -0.99987847 -0.60657036
728	0.94562405 -0.56921005 -0.9996379 -0.9936808
730	0.9965516 -0.9994432 -0.9998195 -0.7572058
734	0.6803605 -0.9888239 -0.999563 -0.3805564
736	0.988503 -0.9980871 -0.99997735 -0.32491115
746	0.9781234 -0.9544295 -0.9949967 -0.9697996
747	0.8778873 -0.99695694 -0.9996972 -0.47076014
748	-0.9564225 0.66885245 -0.864492 -0.99918115
751	0.98456746 -0.99987626 -0.99973965 -0.32514638
752	0.5148675 -0.9977107 -0.9995384 0.67703533
753	-0.46153545 0.23649105 -0.99953073 -0.4078984
755	0.99056315 -0.9951624 -0.9999895 -0.4004916
756	0.9264447 -0.9997478 -0.9996655 -0.2957188
757	0.96296346 -0.99920845 -0.9999341 -0.29841238
763	0.99161774 -0.99982107 -0.98629856 -0.7883131
764	0.87040067 -0.99949414 -0.8202431 -0.9914265
765	0.97666454 -0.9941745 -0.9998188 -0.5121787
770	0.23677787 -0.12053486 -0.99695706 -0.9678885
772	0.2885135 -0.98236877 -0.99055445 -0.70624495
774	0.99154985 -0.9999111 -0.99489594 -0.8855981
779	0.9567575 -0.9949934 -0.99939 -0.8718028
781	0.9888718 -0.9998096 -0.9922297 -0.88120574
784	-0.16007139 0.15280758 -0.9899419 0.06084534
787	0.9874905 -0.99172723 -0.99973905 -0.8252211
788	0.793199 -0.9676837 -0.99520874 -0.95336634
793	0.96606886 -0.98519063 -0.99674505 -0.97956336
795	-0.046545986 -0.99982464 -0.9976458 0.9984896
801	0.9968277 -0.99738187 -0.99982834 -0.8303683
809	0.93890053 -0.9996827 -0.99291897 -0.6453791
811	0.18950784 -0.99360406 -0.9999348 0.9571758
813	0.9599255 -0.88518757 -0.9998664 0.061165527
814	0.9873163 -0.99510664 -0.99994385 -0.35374627
815	-0.124599904 -0.9994834 -0.99938214 0.9967833
817	0.9401258 -0.9995406 -0.9989106 -0.19085558
821	0.80630314 -0.99935824 -0.9999868 0.99606806
826	0.9932576 -0.9981012 -0.9994986 -0.8476743
827	0.6730055 -0.9989622 -0.9999873 0.8670738
829	0.90346754 -0.999927 -0.991262 -0.17584173
831	0.074941255 -0.6947837 -0.998041 -0.86289877
832	0.9973144 -0.9993557 -0.9997356 -0.70357543
833	0.81322235 -0.9859224 -0.9997287 0.68022865
835	0.99351686 -0.9988414 -0.99999577 0.15406665
844	0.9966574 -0.9988354 -0.9999862 0.019266456
845	-0.03821879 -0.24844836 -0.99834543 0.97631377
854	0.26587024 -0.17234911 -0.9991612 0.015161016
861	0.98808014 -0.98712236 -0.9991312 -0.91447794
866	0.9813239 -0.99731016 -0.999463 -0.74121207
867	0.97532797 -0.9401967 -0.9998431 -0.9190566
872	0.1025966 -0.99448484 -0.99981827 0.9982926
874	-0.13116045 -0.99018735 -0.9484388 -0.45752788
875	-0.7545048 -0.391613 -0.9915117 -0.019585174
876	0.9092088 -0.99678457 -0.999915 0.5139559
878	0.9579705 -0.9780882 -0.99955374 -0.8490303
881	0.99613863 -0.99936897 -0.99961793 -0.7112524
884	0.9887137 -0.99912065 -0.9993227 -0.6664128
885	0.9859868 -0.99681264 -0.9960781 -0.9744402
896	0.7366137 -0.99064064 -0.9996822 0.441562
897	-0.479229 -0.39106455 -0.9988498 0.7470395
898	-0.025696166 -0.5671685 -0.99927604 -0.65296495
899	0.5783114 -0.97857875 -0.99939513 -0.08701804
902	0.81476194 -0.99989724 -0.96814024 0.38575047
912	0.9979136 -0.99773973 -0.99961233 -0.9336104
914	0.6187367 -0.96109086 -0.9999703 0.22229868
915	0.981704 -0.9989411 -0.99998033 0.124015965
916	0.8806487 -0.6579894 -0.99998766 0.23895998
917	0.9768202 -0.99249476 -0.9995737 -0.29595336
918	0.5000144 -0.99745053 -0.9999119 0.16254519
923	0.9855019 -0.9687034 -0.9998689 -0.87591994
924	0.9552499 -0.99883115 -0.999568 -0.22260357
925	0.9629777 -0.98867 -0.9998731 -0.5191025
926	0.9056583 -0.9646685 -0.9992478 -0.9021484
932	0.99881685 -0.99438846 -0.9999952 -0.24770628
935	0.8779099 -0.87732667 -0.9996665 -0.19679669
936	0.9767328 -0.9958074 -0.9991294 -0.4580275
941	0.96325487 -0.9920468 -0.9997911 -0.48675177
942	0.44474015 -0.9993942 -0.9998672 0.9952468
944	0.99784786 -0.9995289 -0.99816304 -0.9496635
951	-0.024660084 -0.9998585 -0.99746937 0.9505608
952	0.60686946 -0.99713784 -0.9992392 -0.019142995
956	0.9408117 -0.9664056 -0.9999231 -0.52902514
962	0.47927672 -0.95803136 -0.99802077 -0.7616047
965	0.9910472 -0.99946654 -0.95278466 -0.99407285
969	0.7766062 -0.98861945 -0.9992519 -0.105866045
971	0.91955173 -0.9842638 -0.9855385 -0.9918847
973	0.449218 -0.99987835 -0.9988901 0.16629116
974	0.9849619 -0.9965978 -0.9998678 -0.47422358
975	0.95912576 -0.8625052 -0.9996514 -0.9736611
980	0.0876965 -0.9990615 -0.9989866 0.16201442
981	0.98877376 -0.99510753 -0.9999726 -0.14974181
986	0.9553238 -0.86595166 -0.9999866 0.36945206
987	0.85738873 -0.9134991 -0.9998792 -0.44377905
992	0.9833925 -0.9994407 -0.9998851 0.11093286
997	0.9990545 -0.9983226 -0.999988 -0.32807928
998	0.42503157 -0.9999938 -0.9873347 0.9882651
1000	-0.1032925 -0.99947226 -0.960679 0.5976372
1001	0.9525908 -0.99969006 -0.93598235 -0.9646564
1006	0.7677242 -0.997373 -0.99966264 0.019128578
1007	0.9875664 -0.99958587 -0.9998331 -0.04468554
1008	0.9910169 -0.9943725 -0.9999902 -0.019641923
1013	0.9991389 -0.99993163 -0.99991006 -0.13706465
1015	0.36223578 -0.96365714 -0.99944836 -0.22839598
1024	-0.98427993 -0.99893814 -0.99994737 0.99995834
1025	0.95401657 -0.99897563 -0.99998766 0.98562354
1027	0.9925087 -0.99908864 -0.9999964 0.8936564
1030	-0.9996012 0.005639247 -0.7373155 0.28237435
1031	-0.99821866 0.03718726 -0.9304665 -0.72171074
1033	-0.97607887 0.8156814 -0.9835907 -0.9855976
1037	-0.9858474 0.9861538 -0.9971187 -0.9726647
1042	-0.9995242 0.66418606 -0.9907844 0.63243806
1044	-0.2712956 -0.47521532 -0.6703709 -0.25423068
1045	-0.98690903 0.6967686 -0.9890998 -0.9303399
1046	-0.23247434 0.987203 -0.99914724 -0.5844229
1050	-0.9967218 -0.96057564 -0.9918419 0.94519585
1051	0.16610083 -0.84943056 -0.9997362 -0.18698438
1052	-0.9996211 -0.0744019 0.9474629 -0.9948347
1054	-0.17264308 0.16682632 -0.9954563 -0.9721777
1055	-0.9983165 0.18046974 -0.9978391 0.10326489
1060	-0.17643197 -0.005548295 -0.9685549 -0.0626046
1061	-0.3448758 0.72583544 -0.59844863 -0.9316266
1067	-0.9985152 -0.7341747 0.11702919 -0.82296175
1068	-0.17604426 -0.987548 -0.9925216 0.34286302
1089	-0.99851584 0.44740996 -0.9928236 0.039149918
1092	-0.9139255 -0.14897768 -0.17371929 -0.9488396
1095	-0.9916966 0.7515719 -0.9476321 -0.14261994
1096	-0.8205783 0.3001235 -0.9919531 -0.7081354
1100	-0.63006204 -0.08925189 -0.9892003 -0.9164591
1103	-0.9771363 0.96084493 -0.35685435 -0.97456336
1109	0.93582344 -0.9963319 -0.99905777 -0.3743544
1110	-0.66096574 -0.99861 -0.9993587 0.97927684
1113	-0.05960066 -0.11188915 -0.831613 -0.9996303
1114	0.32451987 0.72268856 -0.9986595 -0.9805995
1115	-0.9986942 0.26756966 -0.3459917 -0.98352927
1120	-0.17594117 -0.3954023 -0.7582986 -0.39414924
1121	-0.7875427 -0.53244674 0.40158862 -0.9630627
1123	-0.3242567 -0.5214036 -0.2684781 -0.7265605
1126	-0.6613692 -0.09145175 -0.99905074 0.96464556
1130	-0.4415754 0.21306807 -0.99996257 0.4868214
1131	-0.12599698 -0.080588646 -0.9989278 0.3411549
1133	-0.814885 -0.9967033 -0.99798214 0.97410583
1138	-0.17390087 -0.9741289 -0.9944697 0.15689541
1143	-0.25134555 0.2251657 -0.99982864 -0.6890767
1148	0.803323 -0.17093894 -0.9999806 0.5681154
1149	-0.11766351 -0.98151124 -0.99993426 0.1870191
1151	0.48980623 0.15925162 -0.999852 -0.023035886
1154	-0.016050944 0.80720913 -0.9999238 -0.97581744
1161	-0.33493116 0.2183262 -0.99977916 -0.1267066
1164	-0.99352103 -0.15415992 -0.9440609 -0.1832149
1166	-0.14787713 0.98870337 -0.9995317 -0.9826702
1169	-0.07952566 0.012252132 -0.9904191 -0.9917522
1172	-0.9999586 0.8799744 -0.64744776 -0.8779124
1174	-0.998969 0.900953 -0.98113275 -0.8544586
1184	0.5797056 -0.70722574 -0.99930835 -0.9286469
1192	-0.70316845 -0.95229363 -0.9820985 -0.7717806
1194	-0.15767926 0.7828645 -0.9980143 -0.98303413
1196	-0.76594 -0.9985369 -0.99541086 0.90784925
1202	-0.98649985 0.59961593 -0.823893 -0.8706066
1203	-0.14964712 0.18722057 -0.99777776 -0.9920248
1206	-0.9256014 -0.93779624 -0.9995294 0.9294923
1209	-0.19469596 -0.033962294 -0.9987783 -0.54021317
1210	-0.9997573 -0.0491775 -0.93826777 0.8743085
1211	0.92440534 -0.8045237 -0.99901444 -0.15709254
1212	-0.9813823 -0.29375476 -0.91571516 -0.58793813
1218	-0.9998363 0.66509014 -0.9692541 -0.2586235
1230	-0.9999479 0.8978313 -0.9652523 -0.34857512
1233	-0.9880948 0.9950499 -0.9891808 -0.9984872
1234	-0.77133524 0.06020532 -0.24633133 0.15110198
1236	0.0465031 0.7651132 -0.9999878 -0.15269256
1238	0.52580684 0.097737186 -0.9999216 -0.5418911
1240	-0.9865404 -0.17279978 -0.999483 0.17891258
1248	-0.83599323 -0.015925152 -0.99232346 -0.8995498
1251	-0.03943252 -0.04232672 -0.9994164 -0.8452809
1253	0.8331238 -0.03758698 -0.9997185 -0.893947
1254	-0.14494874 0.7550933 -0.99260294 -0.978427
1255	-0.994085 -0.16639857 0.16607513 -0.9965253
1256	0.07065101 0.0041655093 -0.99956346 -0.74574524
1258	-0.16429804 0.38781926 -0.9798777 -0.98015183
1259	-0.9775989 0.9506616 -0.99718887 -0.9729111
1261	-0.8546387 0.6888321 -0.9994845 -0.8495778
1262	-0.017117795 -0.9845541 -0.9997048 0.8189919
1263	-0.021917857 -0.96369123 -0.999182 0.003375357
1265	-0.9554582 0.97123617 -0.99499893 -0.8953579
1266	-0.9994542 -0.91597074 -0.9947637 0.99033594
1267	0.24562472 -0.5632619 -0.9999772 -0.03702632
1268	0.54673165 -0.9990879 -0.9996672 0.21408975
1271	-0.998561 0.96942127 -0.987218 -0.9487385
1273	0.62371594 -0.6889731 -0.98592854 -0.99764115
1277	-0.65457064 0.8911094 -0.99947256 -0.9815355
1284	-0.9725299 0.8489068 -0.99548393 -0.9368797
1285	-0.92825854 0.9659379 -0.54153043 -0.99847484
1286	0.92949814 -0.1733178 -0.9999029 -0.41611835
1288	-0.36563736 0.25895023 -0.85742235 -0.99907994
1289	-0.99275875 -0.028659938 -0.99691105 -0.012922712
1291	-0.95373154 -0.3209689 0.6888519 -0.99803966
1292	-0.99288476 -0.99965155 -0.9981441 0.99971473
1294	-0.99963665 -0.13275552 -0.7863296 -0.021094572
1295	-0.4875426 0.80276525 -0.9970699 -0.99192744
1296	-0.900028 0.27184346 -0.99893504 -0.15313229
1300	-0.95893556 0.99234813 -0.9984377 -0.9950967
1305	-0.11558556 0.4899136 -0.9991951 -0.9887252
1306	-0.91801316 0.95003605 -0.9913137 -0.9311628
1309	-0.9324996 0.91171914 -0.9979238 -0.9787245
1310	-0.99604374 -0.21568379 -0.9964467 0.38679126
1312	0.1726111 -0.3073126 -0.99899024 -0.96851975
1316	-0.16460228 0.16814144 -0.9970516 -0.9907828
1322	-0.97270954 0.96902525 -0.99834955 -0.9740612
1324	-0.5833245 0.7958949 -0.9989471 -0.9869321
1336	-0.99937826 -0.9354364 -0.9956004 0.9914581
1337	-0.9855607 0.53600305 -0.9936984 -0.8258312
1339	-0.99994045 0.7552461 0.18849044 -0.9608045
1340	-0.83962345 -0.17068595 -0.9997589 0.068049856
1344	-0.5256607 0.13902132 -0.8948548 -0.856693
1346	-0.6777355 -0.99628365 -0.06517307 -0.26628846
1348	-0.17366931 0.16784371 -0.9945512 -0.9414873
1352	-0.9739732 0.9859977 -0.9985405 -0.16281131
1353	-0.16857444 -0.6746068 -0.98906904 0.2218924
1355	-0.9874557 0.8900712 -0.6289234 -0.9929531
1356	-0.18137996 0.71847004 -0.99953705 -0.98818094
1357	-0.97418165 0.93220794 -0.99453574 -0.98437893
1358	-0.988999 0.98531544 -0.98961097 -0.995682
1359	-0.99872786 -0.053902276 0.12470446 -0.965782
1369	-0.2917195 0.9551414 -0.99849486 -0.16608351
1373	-0.9267032 0.54916435 -0.9988472 -0.6594116
1382	0.16315679 0.42513818 -0.9998803 -0.94231665
1384	0.51246715 0.53289986 -0.9999675 -0.12112534
1390	-0.24247526 -0.026627468 -0.9996588 -0.72970265
1391	-0.9454512 0.5841165 -0.9976255 -0.8820934
1396	-0.9999948 -0.1728118 0.4218984 0.13328059
1401	-0.99982095 0.9530355 -0.9692805 -0.79565895
1408	-0.9642633 0.90226746 -0.99867177 -0.93088806
1410	-0.8335366 -0.30709663 -0.99197865 0.97148734
1415	-0.99982935 0.86966234 -0.83039993 -0.9117836
1431	-0.16070443 -0.8980566 -0.9939644 -0.14130186
1432	-0.99822 0.34028116 -0.44462276 -0.98633516
1433	-0.97747976 0.87045306 -0.9982816 -0.11177155
1437	-0.81926304 -0.17549291 -0.9996982 0.91369516
1442	-0.8382889 -0.80153626 -0.9957899 -0.012852105
1446	-0.8811295 0.42347652 -0.9915144 -0.09891431
1459	-0.9432466 0.7136971 -0.9729936 -0.9941201
1460	-0.99656636 -0.009257936 -0.9980027 0.3441807
1462	0.9735872 -0.5250417 -0.99996454 -0.34241903
1466	-0.13967364 0.28273216 -0.9954575 -0.9733833
1468	-0.08142293 0.07834904 -0.99945295 -0.020754477
1470	-0.55706125 -0.64766085 -0.19292077 -0.9831259
1471	-0.9573548 -0.14974432 -0.82983243 -0.8782012
1473	-0.998635 0.87187326 -0.9496775 -0.95293105
1482	0.1509784 -0.1653873 -0.99955916 -0.25955573
1487	-0.99480957 0.9592294 -0.9975286 -0.08451649
1488	-0.29541796 0.05936357 -0.99991184 -0.4491346
1495	-0.9939694 0.97663224 -0.99127126 -0.77741605
1499	-0.9922513 -0.19316015 -0.9986586 0.99397534
1503	-0.9349587 -0.87690574 -0.99918216 0.7739329
1505	-0.8698922 0.18465406 -0.999184 -0.32244152
1506	-0.99681187 -0.9847941 -0.9993378 0.9984856
1507	-0.9999531 0.5407886 -0.96646035 0.87036496
1510	-0.99075407 0.8285078 -0.9979798 -0.7481212
1511	0.8242003 -0.15372515 -0.99954444 -0.7669821
1518	-0.8419644 -0.12524632 -0.99980426 0.9300421
1520	-0.7094936 -0.088278644 -0.99933577 0.060728636
1524	-0.18597057 -0.99581814 -0.99893945 0.99697787
1529	-0.89541507 -0.15752803 -0.99934834 0.12227261
1530	-0.17450108 0.138512 -0.99604785 -0.71580344
1531	-0.6624552 0.5744595 -0.9995333 -0.753079
1532	-0.99748087 -0.14826187 -0.99520034 0.9811938
1533	-0.45945457 0.043092564 -0.99913234 -0.85091305
1538	0.020341879 0.07653729 -0.9998565 -0.72486615
1540	-0.9980777 0.975787 -0.9960481 -0.8974566
1541	-0.99933815 -0.07599898 -0.9821583 0.10862208
1544	-0.16815056 -0.46660903 -0.9986088 0.15430047
1545	-0.54033387 -0.6866401 -0.9988729 0.977254
1546	-0.99997497 0.7815625 -0.61682665 -0.06744894
1548	-0.2405132 -0.12333195 -0.9943205 -0.6919794
1549	0.55948514 -0.7723749 -0.99964345 -0.81409967
1550	0.6769877 -0.027640635 -0.9860308 -0.99611825
1552	-0.99834937 0.84262717 -0.97931033 -0.7179871
1553	-0.288191 -0.07353693 -0.094733976 -0.998894
1555	-0.9867857 0.58938015 -0.99370307 -0.16771625
1556	-0.9362192 0.37515625 -0.86760646 -0.85679203
1559	-0.9982939 0.23646082 -0.995758 0.8144023
1562	-0.9189576 -0.95085645 -0.99450374 0.4306353
1564	-0.7625813 -0.33613852 -0.99728936 0.516846
1568	-0.9908796 0.61992615 -0.91175777 -0.97495985
1571	0.022509899 -0.9772378 -0.99560636 -0.3332921
1572	-0.099662006 0.9794544 -0.9966464 -0.99743646
1579	-0.044708382 -0.023515409 -0.99983484 -0.71197534
1580	0.9205425 -0.35024568 -0.9998173 -0.78647375
1586	-0.9914335 0.89055943 -0.99540514 -0.9212343
1589	-0.9558229 0.85758454 -0.9997414 -0.6640498
1593	-0.99783015 0.63069355 -0.91490096 -0.94920194
1599	-0.9994109 -0.97684854 -0.9979152 0.9986194
1605	-0.99881846 -0.07775297 -0.9909462 0.12183962
1606	-0.51797074 -0.9733484 0.089282155 -0.99437845
1614	0.90491575 -0.91357654 -0.9997963 -0.48673347
1616	-0.9930569 0.9488865 -0.9927135 -0.9710843
1617	-0.9725878 -0.65012467 -0.9998098 0.98980653
1618	-0.9997791 -0.98929 -0.9921886 0.99874014
1620	-0.8719646 0.89908576 -0.99983335 -0.8549856
1623	-0.9440506 0.97220933 -0.99952656 -0.096379675
1624	-0.9944129 0.89934003 -0.9929142 -0.93026954
1632	-0.07534724 0.9203122 -0.99113876 -0.9969769
1634	-0.9995789 -0.9862316 0.9840614 -0.97628206
1637	-0.8728474 -0.9978937 0.9332639 -0.9973993
1640	-0.9990947 0.17797098 0.94699156 -0.9984529
1646	-0.98381174 0.46105286 -0.9955682 -0.94403154
1649	-0.12805271 0.41131994 -0.98318344 -0.17699112
1650	-0.035473123 0.36080134 -0.9975706 -0.9939473
1651	-0.99681073 0.5904646 -0.99378175 -0.55327153
1653	0.986699 -0.9510383 -0.9998604 -0.9423956
1661	-0.9395022 0.9065347 -0.99464554 -0.9913995
1665	-0.10954375 -0.010452244 -0.9954854 -0.95282716
1666	-0.12385244 0.10054031 -0.9940544 -0.95607996
1674	-0.5031005 0.70436585 -0.99921006 -0.9809075
1675	-0.9936903 -0.99817157 -0.99807495 0.9987323
1676	-0.7384705 0.4308509 -0.99968237 -0.7457991
1677	-0.60914075 -0.037279107 -0.98805606 -0.36355802
1687	-0.9589495 0.97834927 -0.9991217 -0.9768053
1689	-0.9781413 0.9627537 -0.9957022 -0.85121757
1696	0.36886945 -0.11137867 -0.9994673 -0.5655763
1710	-0.102222964 0.8867007 -0.9920724 -0.9952179
1715	-0.9926393 0.68678015 -0.9979919 0.30671903
1716	-0.99961853 0.9224025 -0.97315633 -0.8409743
1717	-0.9999208 0.9530232 -0.9455859 -0.7915286
1721	-0.27961352 -0.051054355 -0.37409595 0.06346973
1733	-0.9236788 -0.016389618 -0.99737453 -0.10581258
1734	-0.95232075 0.9325789 -0.9919182 -0.99486077
1736	-0.917709 0.8794654 -0.99894035 -0.95541024
1737	-0.83567846 -0.95822984 -0.9994559 0.9774596
1738	-0.9809815 -0.9849736 0.98736763 -0.9944317
1740	-0.9992988 0.4922763 -0.64423895 -0.9860972
1743	-0.99743503 0.86431205 0.14330696 -0.9976917
1745	-0.69639444 0.8427586 -0.9960247 -0.9879506
1749	-0.9995553 0.9746441 -0.9538144 -0.9708039
1750	-0.8712408 0.9756788 -0.99810815 -0.9966909
1753	-0.9502931 -0.99808127 -0.9997418 0.99862194
1755	-0.99377537 0.9582465 -0.9979254 -0.9058799
1757	-0.9997981 0.10526469 0.59684116 -0.8914489
1759	-0.74391836 -0.99952656 -0.99971 0.99769723
1761	-0.11922312 0.084105164 -0.99029696 -0.96579003
1765	-0.48894566 -0.04443829 -0.99982905 -0.23261167
1770	-0.8975724 0.7223419 -0.99623114 -0.9112534
1771	-0.9991963 -0.07014049 -0.989576 0.10068138
1772	-0.9989669 -0.3760442 -0.9985335 0.9729294
1774	-0.9985684 0.0028649932 -0.997199 0.24147147
1779	-0.9810887 0.14184621 -0.94899464 0.88940746
1781	-0.27649707 0.5025618 -0.99872476 -0.98488724
1782	-0.6506884 0.4070497 -0.9999482 -0.26167718
1784	-0.7955976 0.25534526 -0.94585794 -0.9968862
1791	-0.63489646 -0.9752 -0.6131511 0.18018347
1795	0.9312429 -0.116836525 -0.9999291 -0.3266408
1800	-0.9841199 0.98943985 -0.9964149 -0.99358743
1802	-0.99967885 0.6533642 -0.79559416 -0.5291796
1807	0.3990219 -0.9555091 -0.9995178 -0.3751313
1811	-0.99927574 -0.69811755 0.73638356 -0.96128595
1814	-0.9751414 0.97290933 -0.99073803 -0.99631274
1818	0.25306344 -0.28740183 -0.9965611 -0.96562666
1820	-0.87334216 0.82620704 -0.9985454 -0.95652604
1822	-0.9823199 0.98326236 -0.96176803 -0.99473375
1824	-0.31712446 -0.020886458 -0.9998833 -0.23336032
1825	-0.6462374 0.64792055 -0.99975234 -0.8774772
1826	-0.98896617 0.9694211 -0.99241763 -0.95052177
1829	-0.9566079 -0.0013206513 -0.99807245 -0.24762201
1835	-0.55078864 0.67717534 -0.8969408 -0.9995475
1839	-0.7676369 0.852569 -0.9979541 -0.98941934
1840	-0.99468935 -0.026668139 -0.98317385 -0.01921525
1842	-0.99868184 0.16834266 -0.19138715 -0.40594307
1843	-0.5002542 0.8629825 -0.9992434 -0.7373063
1844	-0.13239394 0.66074806 -0.9998604 -0.9651071
1845	-0.74474746 0.34348536 -0.9711333 -0.99650073
1849	-0.26085714 0.9493684 -0.99950284 -0.974683
1851	-0.101417676 0.10735477 -0.99801093 -0.98131263
1853	0.09655597 -0.23585892 -0.99982494 -0.72121257
1859	-0.0950813 0.1638523 -0.9978238 -0.9938835
1868	-0.9964118 0.73641473 -0.99796015 -0.42327127
1870	-0.722004 0.006119977 -0.9999661 0.06980386
1872	-0.09362048 0.7937216 -0.9991026 -0.8687172
1879	-0.8972934 -0.5273708 -0.9991672 0.8953699
1886	-0.395924 0.5023324 -0.99991107 -0.78053206
1890	-0.10184586 0.21100308 -0.8300937 -0.9919394
1891	0.04895733 -0.10235187 -0.9988685 -0.8706497
1896	-0.94737494 -0.093958884 -0.9838193 -0.57457775
1898	-0.84947765 -0.46359774 -0.9984882 0.14106292
1908	0.15297419 -0.08928648 -0.9997582 0.82491195
1909	-0.42110416 0.4216975 -0.99956226 -0.93120694
1914	-0.79535586 0.7215462 -0.95854896 -0.996958
1915	-0.12390492 -0.6190516 -0.99707645 0.7379017
1918	-0.9998689 0.03715276 -0.9728357 0.0904161
1920	0.95408577 -0.76101375 -0.99960357 -0.986888
1921	-0.9178379 0.96619534 -0.9994939 -0.100704275
1922	-0.08828741 0.7273582 -0.99916446 -0.984419
1927	-0.004412696 -0.11853108 -0.99987495 -0.17471533
1928	0.84005225 -0.40420178 -0.99976546 -0.97781146
1931	-0.99143565 -0.982701 -0.998356 0.9867234
1933	-0.41860887 -0.9858255 -0.99998415 0.9905341
1939	-0.9839574 0.5811003 -0.99242103 -0.80025625
1940	-0.99921894 0.5139476 -0.9960719 -0.04509323
1941	-0.9095485 0.33375102 -0.99265397 0.68761945
1947	-0.99996614 0.81397873 -0.61758 -0.82696486
1955	-0.97500193 0.7564176 -0.94287443 -0.90762174
1963	-0.9990419 0.5351105 -0.9530746 -0.7439192
1966	0.5165212 -0.930215 -0.9997522 0.012757539
1969	0.07634837 -0.9647512 -0.999631 0.050620966
1972	-0.64185894 0.73073405 -0.9989066 -0.23876406
1974	-0.92995095 -0.92865264 -0.99783796 0.9891217
1980	-0.12556353 -0.4666705 -0.98948646 0.0026392138
1983	-0.9990826 0.72579235 -0.94871145 -0.9332543
1985	-0.8048898 -0.49968764 -0.99731266 0.67275107
1987	-0.9843267 0.96065974 -0.9992494 -0.8964605
1988	-0.058963332 -0.13093121 -0.9673809 -0.9921935
1991	0.9161705 -0.93814 -0.9999032 -0.6776072
1997	-0.99795806 0.23353037 -0.04221212 -0.95009726
1999	0.99439913 -0.99919647 -0.9985691 -0.9015936
2003	-0.9975773 0.30419478 -0.55993587 -0.9836157
2007	-0.982356 0.933846 -0.19352965 -0.95851356
2010	-0.3837175 -0.063540354 -0.58973217 -0.999656
2015	0.10794725 0.31453693 -0.9988749 -0.99070925
2017	-0.98721135 0.95986867 -0.99883926 -0.9152085
2018	-0.6746103 0.5450678 -0.99352115 0.5620614
2024	-0.9900381 0.8235776 -0.9992253 -0.5392919
2025	-0.95567703 0.96357274 -0.9935782 -0.9701323
2026	-0.99363345 -0.9947006 -0.9993233 0.9986968
2028	0.04034628 -0.07900481 -0.99901336 -0.9261792
2030	-0.9859307 0.87665254 -0.9364331 -0.9651228
2033	-0.12232886 0.09495535 -0.99447 -0.9708585
2037	-0.9959023 0.5651172 -0.048412357 -0.999239
2039	-0.9823351 -0.77318305 -0.11014972 -0.5177289
2040	-0.9997089 -0.84701174 0.5370137 -0.062128507
2044	-0.40730122 0.44064978 -0.99775505 -0.45849526
2046	-0.1215786 0.51740825 -0.996063 -0.23246045
2050	-0.8540519 -0.9989379 0.8024931 -0.98576045
2052	0.32741472 -0.99727875 -0.9890749 -0.3879391
2059	-0.99069095 0.016174372 -0.1483277 -0.9966603
2062	-0.09224099 -0.36493236 -0.98139286 -0.9610142
2064	-0.12667808 -0.86109364 -0.926147 -0.48147568
2066	0.59866923 -0.5261741 -0.9998951 -0.36096
2069	-0.60323274 -0.55616695 -0.999477 0.71095544
2075	-0.9654534 0.9837714 -0.99768525 -0.99287015
2077	-0.90768886 -0.9130688 -0.9957929 0.77787375
2078	-0.99638313 0.33149037 -0.99803096 -0.04747421
2081	-0.97106016 0.17527609 -0.9979773 -0.350344
2084	-0.99938756 -0.9961503 0.9942364 -0.98112243
2087	-0.99628717 -0.9999599 0.99977756 -0.99268323
2090	-0.9999639 -0.9980921 0.9999838 -0.9979486
2091	-0.9998133 -0.9997175 0.9989066 -0.8896966
2092	-0.997703 -0.9988664 0.99483156 -0.9854712
2094	-0.99986655 -0.9999614 0.9997553 -0.8158674
2098	-0.7104461 -0.99997807 0.9409357 -0.942799
2099	-0.9999749 -0.9829392 0.9998325 -0.9972524
2104	-0.9978104 -0.99970245 0.9962206 -0.9624213
2105	-0.9986851 -0.99913687 0.9971484 -0.9833087
2109	-0.98362887 -0.9996312 -0.92347735 0.96003926
2112	-0.9996863 -0.9837439 0.999706 -0.9971316
2115	-0.9996959 -0.99865466 0.99836105 -0.9743173
2117	-0.99994975 -0.9912559 0.999614 -0.994168
2122	-0.99993694 -0.99907357 0.99929965 -0.93485343
2123	-0.9985228 -0.9989101 0.9994607 -0.9978708
2129	-0.9998601 -0.98112047 0.12044003 -0.1008162
2130	-0.9711735 -0.99343795 0.9741708 -0.99848723
2133	-0.99995077 -0.99553096 0.9998171 -0.9948416
2135	-0.9999751 -0.98267186 0.9995639 -0.99345285
2140	-0.98476046 -0.999997 0.9885266 -0.33899504
2141	-0.9995634 -0.99987143 0.9989465 -0.9060642
2142	-0.9993829 -0.99578613 0.99598217 -0.9883776
2143	-0.99385464 -0.9999746 0.994113 -0.80232507
2147	-0.9999531 -0.99947155 0.999701 -0.9406918
2148	-0.99965554 -0.99856865 0.99917996 -0.9895312
2149	-0.9997612 -0.998512 0.9944149 -0.899446
2150	-0.9997569 -0.99945146 0.99969643 -0.9871196
2153	-0.56285673 -0.998629 0.9042042 -0.99890924
2155	-0.8918668 -0.6532782 0.9278499 -0.9159455
2166	-0.9911437 -0.99035096 0.49471846 -0.48983404
2168	-0.999947 -0.9984682 0.99968517 -0.97790694
2172	-0.99995375 -0.99152863 0.9986453 -0.97683835
2173	-0.9999756 -0.9809157 0.9996311 -0.99448574
2174	-0.99536085 -0.99991935 0.97545266 -0.62496215
2175	-0.99774104 -0.99962974 0.99728996 -0.9790399
2179	-0.9969569 -0.99847245 0.99613833 -0.9940647
2183	-0.9986991 -0.99775016 0.9964876 -0.9912967
2185	-0.99998164 -0.9935192 0.9998009 -0.9901864
2187	-0.9996488 -0.9917585 0.9957542 -0.9887747
2190	-0.9998389 -0.9936823 0.9997023 -0.9980111
2198	-0.95479923 -0.99664223 0.9779785 -0.9986374
2199	-0.9626544 -0.99590313 0.99510354 -0.99853784
2204	-0.90230316 -0.9820733 -0.09805405 -0.74481946
2207	-0.95969623 -0.9971425 0.9575967 -0.9754896
2209	-0.96607554 -0.99992615 0.99013186 -0.9740197
2211	-0.9998645 -0.9998266 0.9999028 -0.9808398
2215	-0.9681486 -0.9998702 0.9914081 -0.98577154
2219	-0.9999483 -0.99561197 0.9998589 -0.99629074
2220	-0.9441777 -0.99973214 0.99771106 -0.9531257
2225	-0.9999378 -0.9895994 0.9996175 -0.9960126
2226	-0.99685675 -0.9928066 0.997721 -0.9991787
2234	-0.9977831 -0.99996626 0.9946889 -0.68552387
2236	-0.2898098 -0.99957824 0.82947826 -0.99734133
2238	-0.9989741 -0.9999361 0.99504 -0.669156
2240	-0.99964136 -0.98596525 0.956947 -0.91917336
2243	-0.9995872 -0.9996362 0.998686 -0.9500442
2252	-0.997791 -0.9996585 0.98854387 -0.89953935
2253	-0.9984534 -0.99992853 0.9986063 -0.93027556
2254	-0.9868457 -0.99984366 0.86230147 -0.30744594
2257	-0.99967915 -0.99947727 0.9998054 -0.9922251
2259	-0.99244905 -0.9999834 0.9971694 -0.8617129
2263	-0.99998575 -0.998742 0.9999718 -0.99195975
2266	-0.9986596 -0.9999013 0.997899 -0.912765
2267	-0.5912046 -0.99705446 -0.08512317 -0.8099617
2268	-0.99966884 -0.9997255 0.99890995 -0.93364525
2274	-0.9998707 -0.9968521 0.99899054 -0.974208
2276	-0.997447 -0.999794 0.99132186 -0.8978687
2282	-0.99963987 -0.9914868 0.99608696 -0.9837414
2283	-0.55295056 -0.9832069 0.06614447 -0.1273738
2286	-0.999975 -0.9927198 0.9998572 -0.99379027
2288	-0.45607516 -0.99518067 0.9020077 -0.9828964
2290	-0.99635494 -0.8338028 -0.123955995 -0.00850658
2292	-0.67498004 -0.99993664 0.20351431 -0.54082686
2294	-0.99907833 -0.99982166 0.9994926 -0.9831435
2296	0.8562308 -0.69214493 -0.3213298 -0.9993819
2305	0.08591206 -0.9999688 0.1291312 -0.9460817
2309	-0.9999651 -0.90968657 0.99752486 -0.99355626
2313	-0.999993 -0.9978099 0.99999183 -0.9973054
2317	-0.9997684 -0.99773306 0.97556245 -0.70140535
2318	-0.9991302 -0.9999473 0.9978185 -0.78028095
2320	-0.9997819 -0.99949145 0.9993201 -0.96537936
2323	-0.9990907 -0.9934438 0.9938167 -0.99173045
2326	-0.99062103 -0.99916124 0.987724 -0.987975
2327	-0.9398659 -0.24216032 0.018391691 -0.6692477
2330	-0.12824485 -0.995257 0.1280481 -0.9959319
2334	-0.7431423 -0.99897534 0.33464387 -0.13333072
2335	-0.9891913 -0.9998863 0.9844798 -0.91636693
2342	-0.9757032 -0.99999374 0.9980215 -0.91680694
2344	-0.9985207 -0.9915695 0.98870313 -0.9922677
2346	-0.99214625 -0.6721631 0.983344 -0.99738866
2354	-0.98527545 -0.9999372 0.9931036 -0.951523
2355	-0.9999843 -0.9977036 0.9999231 -0.9887947
2357	-0.9991968 -0.9992736 0.9985976 -0.984623
2369	-0.9999161 -0.9910456 0.99851966 -0.9854152
2370	-0.9999906 -0.9945075 0.9998846 -0.99439186
2371	-0.9999198 -0.99432886 0.99910986 -0.9941813
2390	-0.9998071 -0.9998569 0.9997066 -0.9773497
2391	-0.9987653 -0.99964905 0.9959485 -0.97355014
2397	-0.99540687 -0.9998682 0.60396767 -0.2648777
2401	-0.987284 -0.99314564 -0.718212 -0.5620464
2405	-0.9882455 -0.99377644 0.99903506 -0.9960473
2412	-0.95646375 -0.9999996 0.99393755 -0.4786253
2425	-0.99947566 -0.99623173 0.99152005 -0.9849629
2426	-0.99972326 -0.98665 0.991783 -0.9921128
2427	-0.998867 -0.99758345 0.9974584 -0.9971099
2428	-0.9994777 -0.9987842 0.9993578 -0.9831882
2429	-0.99869627 -0.97236687 0.9876932 -0.99863076
2432	-0.9982412 -0.99855864 0.9949108 -0.9936183
2438	-0.5734962 -0.98402953 0.9994074 -0.99838215
2442	-0.99994147 -0.9966357 0.99943393 -0.9919294
2444	-0.99935323 -0.9990256 0.99798524 -0.9876388
2447	-0.99986607 -0.9974773 0.99972343 -0.997301
2450	-0.98785406 -0.9973846 0.8899901 -0.983245
2456	-0.9993637 -0.9984285 0.9985294 -0.9957401
2460	-0.99986565 -0.99466234 0.9998143 -0.9982204
2461	-0.999783 -0.9923146 0.9809714 -0.9362469
2463	-0.99993867 -0.9994015 0.9998107 -0.9885132
2466	-0.96635705 -0.9999983 0.9925162 -0.7641441
2473	-0.96391827 -0.99989563 -0.27011985 -0.6839565
2475	-0.9972232 -0.9994099 0.9853315 -0.9711641
2477	-0.9974726 -0.9999185 0.99482495 -0.9360876
2478	0.2653713 -0.9990132 0.90685105 -0.98251003
2479	-0.9938833 -0.9927091 0.9766236 -0.99783534
2480	-0.9986457 -0.9865128 0.9675925 -0.9401705
2481	-0.99973863 -0.9885039 0.999093 -0.99865705
2491	-0.9999393 -0.99511164 0.99949247 -0.9949544
2493	-0.98668313 -0.9999988 0.9975829 -0.73918885
2494	0.2683988 -0.99939764 0.95386136 -0.99294335
2495	0.3206631 -0.99879044 0.2973532 -0.5143351
2496	-0.9937246 -0.99999166 0.99718666 -0.8680377
2503	-0.9993526 -0.9060236 0.99134535 -0.99944425
2505	-0.99638736 -0.9999872 -0.3880915 0.97684014
2509	-0.9998272 -0.98787916 0.99971914 -0.99957514
2510	-0.99994034 -0.97223 0.9967896 -0.98353887
2512	-0.9998498 -0.9998246 0.99959385 -0.96258116
2517	-0.99803334 -0.99998254 0.9950109 -0.7532739
2519	-0.9977661 -0.9207039 0.9932858 -0.9994508
2521	-0.9965421 0.30450198 -0.2397467 -0.9942386
2522	-0.9993454 -0.9965944 0.9972643 -0.99572396
2529	-0.9795134 -0.99989194 0.99645644 -0.99540275
2531	-0.9992296 -0.990915 0.96964437 -0.98241395
2539	-0.9910336 -0.994403 0.977354 -0.9980224
2547	-0.99143547 -0.9979736 0.9643272 -0.9921235
2554	-0.99973476 -0.9993003 0.99917054 -0.9793015
2555	-0.9987222 -0.039398342 0.35385513 -0.89149475
2559	-0.9998688 -0.999738 0.9997092 -0.97895133
2564	-0.99982965 -0.99975574 0.99928975 -0.96062267
2565	-0.9997819 -0.9995194 0.9999748 -0.99430424
2567	-0.9999028 -0.99665177 0.9960712 -0.96439415
2570	-0.9864919 -0.9996815 0.9795012 -0.98428696
2575	-0.9995692 -0.96066976 0.9980961 -0.99942875
2576	-0.9991548 -0.96079403 0.87035847 -0.97994345
2577	-0.999168 -0.9993082 0.99923223 -0.99528307
2585	-0.99887514 -0.9994505 0.99666446 -0.98412246
2586	-0.976653 -0.93602353 0.8846217 -0.9987319
2588	-0.9603509 -0.9996506 -0.78080326 0.6201841
2589	-0.994587 -0.9999311 0.99461204 -0.96228373
2594	-0.99943733 -0.9999549 0.9996677 -0.97249067
2595	-0.999956 -0.9940501 0.99967235 -0.9956712
2597	-0.9998295 -0.9996641 0.99991614 -0.99432284
2598	-0.9513877 -0.7594661 0.9260811 -0.9927914
2599	-0.998732 -0.9999097 0.99563384 -0.9103267
2601	-0.96016717 -0.9977884 0.8571854 -0.9919874
2604	-0.9998676 -0.9863686 0.99992996 -0.999076
2607	-0.99998665 -0.98180026 0.99992865 -0.99914926
2611	-0.99929196 -0.99493736 0.9910563 -0.9854383
2613	-0.9955973 -0.9875958 0.97917676 -0.9984581
2614	-0.99995923 -0.99814904 0.9999034 -0.994358
2616	-0.9980478 -0.99993795 0.99815154 -0.9634894
2618	-0.99806106 -0.9979837 0.99960595 -0.9898176
2623	-0.9973609 -0.99386543 0.996593 -0.99928075
2624	-0.99990886 -0.99857455 0.998919 -0.97151226
2630	-0.99972975 -0.9985163 0.9960661 -0.9714607
2631	-0.7945867 -0.99925476 0.9980094 -0.9632036
2632	-0.940964 -0.999939 0.6664259 -0.6621565
2633	-0.99926615 -0.99998254 0.99743855 -0.7169969
2634	-0.99949783 -0.9997533 0.99544334 -0.9100193
2635	-0.99970573 -0.9999307 0.999322 -0.9310621
2638	-0.9999721 -0.9959411 0.99962753 -0.9900484
2648	-0.999624 -0.9905423 0.9948665 -0.994991
2651	-0.9994953 -0.9996944 0.9970474 -0.9503393
2654	-0.9995615 -0.99870104 0.9971307 -0.9851955
2656	-0.9999788 -0.996856 0.9997802 -0.99162334
2657	-0.99596447 -0.99974895 0.99597496 -0.9884433
2659	-0.9993278 -0.9993861 0.9978748 -0.9697924
2662	-0.99960804 -0.9952185 0.9981699 -0.9969354
2665	-0.9999487 -0.99487126 0.99928993 -0.992007
2669	-0.99921566 -0.99570435 0.9073528 -0.8948654
2670	-0.99930626 -0.9997218 0.99873316 -0.98322874
2672	-0.9995874 -0.9906632 0.9978687 -0.99813837
2674	-0.99969465 -0.973547 0.96205086 -0.98007697
2679	-0.961664 -0.9999977 0.9885983 -0.7519131
2680	-0.88884133 -0.99997675 0.91813016 -0.9081318
2687	-0.98848456 -0.99785084 0.99626553 -0.99470717
2688	-0.9999439 -0.9867747 0.99980885 -0.99906397
2694	-0.99142694 -0.9986577 0.954121 -0.98458827
2695	-0.99930406 -0.9999576 0.99802387 -0.8624776
2701	-0.6981319 -0.9999975 0.9291572 -0.49453744
2702	-0.999097 -0.9986194 0.9989853 -0.9961378
2703	-0.49969548 -0.9999723 0.96242714 -0.9665388
2707	-0.99950993 -0.9952771 0.99840784 -0.99788034
2713	-0.99583226 -0.99979067 0.80559874 -0.5545604
2717	-0.9967478 -0.9991963 0.9863919 -0.97462416
2718	-0.99768376 -0.99969876 0.96932817 -0.8367711
2719	-0.9990778 -0.99918073 0.9921559 -0.965355
2729	-0.99980843 0.288516 -0.27940065 -0.9936874
2733	-0.99613845 -0.94470346 -0.995844 0.9453868
2734	-0.9991921 -0.9989952 0.9841605 -0.93800145
2735	-0.9998922 -0.99790174 0.99983275 -0.998119
2738	-0.9998109 -0.9999013 0.9996665 -0.9624739
2741	-0.5100048 -0.9999859 0.72188514 -0.9239621
2746	-0.9996972 -0.9999279 0.99963963 -0.96503353
2748	-0.9986954 -0.9999115 0.99994373 -0.99844813
2751	-0.5456156 -0.99995315 0.61414725 -0.9405325
2757	-0.9997285 -0.99694896 0.9973076 -0.9899308
2763	-0.9998599 -0.997222 0.9988162 -0.99026614
2769	-0.99980843 -0.99881476 0.9978942 -0.9693252
2772	-0.9999967 -0.9984182 0.9999929 -0.99735695
2774	-0.99954486 -0.99612963 0.9966378 -0.99372196
2776	-0.99985594 -0.9971133 0.99982524 -0.99889725
2779	-0.9999291 -0.991262 0.998736 -0.9935649
2780	-0.99957275 -0.9999514 0.9981019 -0.8300991
2783	-0.9986046 -0.9942606 0.99808466 -0.99917907
2785	-0.8439176 -0.9985172 0.45330933 -0.9633315
2790	-0.99968636 -0.99982166 0.9983329 -0.93339145
2792	-0.9982858 -0.99999326 0.99817896 -0.7573152
2793	-0.9999896 -0.99969155 0.9999712 -0.98284715
2799	-0.99995124 -0.9997485 0.99927276 -0.8834323
2800	0.42731807 -0.999986 0.82052344 -0.97602147
2803	-0.99934554 -0.9998121 0.96683514 -0.60253817
2810	-0.9874507 -0.9999686 0.9922538 -0.9480358
2813	-0.9992175 -0.999986 0.9945433 -0.52332115
2816	-0.98546666 -0.9998855 0.9959764 -0.99102485
2818	-0.9998925 -0.9999139 0.99810815 -0.7012536
2819	-0.9999429 -0.9994072 0.99979717 -0.98629063
2822	-0.9932504 -0.9881075 0.93735415 -0.9962985
2823	-0.9996638 -0.9982111 0.9904346 -0.9506834
2825	-0.9982752 -0.99942034 0.9924277 -0.97564673
2831	-0.9997605 -0.9968349 0.99921846 -0.9970086
2835	-0.99954945 -0.99370885 0.9918856 -0.989871
2836	-0.99991816 -0.9993403 0.99953645 -0.9794871
2842	-0.99614525 -0.9790128 0.665433 -0.96433336
2843	-0.99886113 -0.8628776 0.8487158 -0.99465036
2845	-0.03422651 -0.9999994 0.97878397 -0.6582754
2848	-0.9936386 -0.99990034 0.99409485 -0.9736215
2853	-0.96543163 -0.99800444 -0.33083495 0.28005046
2859	-0.99931085 -0.9996702 0.9983038 -0.9792543
2862	-0.99996495 -0.9980581 0.9999583 -0.98418885
2864	-0.99497306 -0.99994564 0.996695 -0.9684414
2865	-0.99969006 -0.998582 0.9994401 -0.9957947
2872	-0.9314475 -0.9990772 0.9922542 -0.99148154
2874	-0.9999039 -0.99930197 0.9995612 -0.9838398
2875	-0.999455 -0.999544 0.9976867 -0.97416496
2876	-0.9804253 -0.9989445 0.98843384 -0.9957363
2878	-0.999549 -0.9986484 0.43872625 0.27886957
2882	-0.99994725 -0.996459 0.9994783 -0.99211806
2885	-0.9994073 -0.9986676 0.99722296 -0.98964816
2887	-0.9980548 -0.99971616 0.9942553 -0.9701604
2888	-0.9999898 -0.99880046 0.99997073 -0.9951575
2889	-0.9988266 -0.9997834 0.98784614 -0.87844354
2895	-0.9999527 -0.998916 0.99980617 -0.98987806
2896	-0.99955994 -0.9797256 0.70285654 -0.79607296
2901	-0.9818136 -0.9997042 0.9999915 -0.99735403
2903	-0.99996465 -0.995577 0.9994496 -0.98915094
2904	-0.9997735 -0.99982 0.99938214 -0.9654286
2907	-0.99986917 -0.9624226 0.99703985 -0.99572855
2908	-0.9821079 0.22359219 0.951217 -0.9830197
2912	-0.9991369 -0.59413815 -0.49083918 0.5164432
2914	-0.9999478 -0.99611056 0.9989858 -0.9851601
2916	-0.9998992 -0.9950396 0.99834156 -0.98991334
2920	-0.9996945 -0.9966774 0.9968345 -0.9902924
2929	-0.99984 -0.9997962 0.99908876 -0.9383579
2932	-0.9999239 -0.99959075 0.999839 -0.98857784
2933	-0.99451655 -0.99997663 0.997609 -0.95519394
2934	-0.23254085 -0.9999256 0.92717594 -0.97665566
2937	-0.9999389 -0.99680626 0.99956226 -0.99402785
2938	0.48692223 -0.9999997 0.3753411 -0.37314564
2939	-0.59269965 -0.99994045 0.66960114 -0.95610434
2941	-0.9988604 -0.99948025 0.99393 -0.9634901
2944	-0.99618673 -0.9999953 0.99980015 -0.9777997
2946	0.23202935 -0.99995756 0.99513 -0.69487244
2948	-0.99352545 -0.4907618 -0.9496372 0.1910544
2951	-0.99935067 -0.99993503 0.9995385 -0.97602546
2952	-0.9999169 -0.9981074 0.9998993 -0.99841547
2961	-0.99820065 -0.994461 0.9938762 -0.99575347
2962	-0.9872672 -0.9992851 0.9708814 -0.98873717
2967	-0.9999967 -0.970099 0.99990815 -0.9972718
2970	-0.9999915 -0.9981764 0.9999737 -0.9960411
2973	-0.91921276 -0.99641544 0.38789067 -0.9386687
2974	-0.9966079 -0.99992436 0.99818057 -0.9677738
2978	-0.9983216 0.10732882 -0.71961755 -0.9608819
2984	-0.9987614 -0.99936163 0.99795 -0.99262613
2991	-0.9959111 -0.9998382 0.9972588 -0.9878407
2993	-0.99995035 -0.99964577 0.999333 -0.91233134
2995	-0.9982778 -0.99997205 0.996901 -0.8642322
2997	-0.8227025 -0.99996644 0.9768633 -0.9897662
3003	-0.9988423 -0.99992317 0.9982782 -0.954568
3004	-0.99991333 -0.9929678 -0.23738341 0.28816223
3006	-0.9997488 -0.99664545 0.99849117 -0.9942075
3008	-0.999063 -0.999976 0.99554455 -0.70477694
3009	-0.9994307 -0.993823 0.9777332 -0.97699237
3010	-0.9995715 -0.9944443 0.9992597 -0.9990585
3011	-0.99989843 -0.99947417 0.99929094 -0.96769553
3012	0.2726887 -0.99998623 0.90633655 -0.95247185
3027	-0.9999669 -0.9988327 0.9998639 -0.99050486
3028	-0.78242385 -0.99997026 0.92381626 -0.9670501
3032	-0.99175954 -0.9999569 0.9851705 -0.896814
3033	-0.9822845 -0.9999881 0.99460226 -0.8906894
3042	-0.99978286 -0.99967045 0.9987105 -0.9559113
3043	-0.9999117 -0.99959534 0.9998556 -0.9905749
3047	-0.9545485 -0.9987684 0.99999565 -0.9993739
3049	-0.99991304 -0.99743164 0.99867254 -0.9740297
3053	-0.9998831 -0.9801933 0.9993213 -0.9955688
3055	-0.9994406 -0.99895775 0.9957976 -0.9780754
3057	-0.9951756 -0.9841478 0.97426975 -0.9985615
3059	0.5737861 -0.9999943 0.7534679 -0.8166844
3062	-0.99994105 -0.9951958 0.99957967 -0.9958362
3063	-0.99934995 -0.99994147 0.99910706 -0.9481158
3065	-0.9998723 -0.9990043 0.9948273 -0.8953018
3066	-0.999222 -0.99951375 0.9995393 -0.99680966
3067	-0.9993424 -0.99937516 0.9979387 -0.9859167
3072	-0.95814914 -0.9999921 0.9889729 -0.9171627
3073	-0.9998837 -0.9947967 0.9944792 -0.96989685
3080	-0.99970526 -0.9998377 0.99841964 -0.9256378
3086	-0.94030595 -0.9965366 0.95213705 -0.99348795
3089	-0.9997788 -0.9989038 0.99537736 -0.9460746
3091	-0.99844897 -0.9950446 0.98208046 -0.991124
3092	0.27616394 -0.99647135 -0.2761268 -0.99914926
3093	-0.99983865 -0.9998579 0.9995012 -0.95362407
3095	-0.94889224 -0.9999645 0.9653637 -0.8341249
3098	-0.9999929 -0.99886626 0.9999801 -0.9947681
3101	-0.9986662 -0.9987944 0.98874944 -0.97522086
3102	-0.99985737 -0.99517936 0.9983545 -0.9926965
3105	-0.99992275 -0.99981076 0.99990976 -0.98790884
3109	-0.9999881 -0.9957173 0.99994236 -0.9972684
3111	-0.99983156 -0.9969592 0.99820447 -0.98885065
3115	-0.9985681 -0.99861103 0.9948949 -0.9919064
3116	-0.9999747 -0.9981858 0.999978 -0.9989206
3118	-0.9999752 -0.9990116 0.9999787 -0.9976373
3122	-0.9970375 -0.99992657 0.99796647 -0.9755115
3126	-0.9986741 -0.99920183 0.99657065 -0.9903863
3129	-0.99982125 -0.99966043 0.9985486 -0.9435829
3130	-0.9967296 -0.9994794 0.9820773 -0.965712
3131	-0.9998741 -0.99895984 0.99912155 -0.9826519
3132	-0.97212684 -0.9887045 -0.057185642 -0.9961122
3137	-0.99980587 -0.9339207 -0.9977912 0.9963981
3139	-0.9992422 -0.9093476 -0.965637 0.7549805
3140	-0.99964154 -0.77572733 -0.99829537 0.97799593
3146	-0.9978197 -0.9928099 0.40155092 -0.34575203
3153	-0.10549042 -0.9693054 -0.99989235 0.97537124
3156	0.86803454 -0.9961581 -0.99982464 0.80731165
3158	-0.99361366 -0.9845723 -0.9972684 0.9879352
3162	-0.9998049 -0.9570615 -0.9699269 0.9879815
3165	0.3892945 -0.99937505 -0.99994934 0.8948616
3170	-0.9931719 -0.99804753 -0.9962022 0.997297
3172	-0.9996297 -0.99676806 -0.9921404 0.9994572
3180	-0.240873 -0.99976707 -0.9655838 0.9860564
3184	0.866414 -0.9984427 -0.99967945 0.092851415
3193	-0.951469 -0.99988097 -0.9966478 0.9989279
3198	-0.99415904 -0.9999442 -0.96323425 0.99907994
3200	-0.9967706 -0.6473156 0.3694077 -0.9240217
3201	0.98868567 -0.99317235 -0.9954094 -0.99087185
3207	0.22282207 -0.66041636 -0.99953276 -0.1115192
3208	-0.930606 -0.9553009 -0.97908 0.10081755
3213	-0.99988323 -0.9929665 -0.99244535 0.9996312
3214	-0.9965507 -0.99885494 -0.9970221 0.9993484
3215	-0.1908394 -0.99874437 -0.99999934 0.99995166
3216	0.1595439 -0.9331698 -0.9999649 0.73805827
3218	-0.8917106 -0.9961621 -0.99900365 0.9821625
3219	-0.99828535 -0.9998904 -0.63098013 0.99954987
3223	0.16637813 -0.21794297 -0.99998665 0.98124975
3232	-0.6610042 -0.23046598 -0.9998986 0.9881348
3236	-0.99764746 -0.9974831 -0.9995489 0.99987036
3237	-0.9100736 0.2997837 -0.9999036 0.03706487
3241	-0.99845755 -0.99850476 -0.99315125 0.9991039
3244	-0.9997903 -0.13883099 -0.9354159 0.91990364
3245	-0.8155123 -0.9993937 -0.998876 0.9949025
3246	-0.9805592 -0.99711376 -0.9997436 0.9997349
3255	-0.9923484 -0.97737503 -0.99952555 0.9988748
3257	-0.9039024 -0.9813426 -0.9998287 0.98846996
3263	0.10511316 -0.85744345 -0.9984432 -0.41437262
3264	-0.9372377 -0.9997641 -0.9996112 0.99984664
3265	-0.99884003 -0.99758524 -0.99688274 0.9995263
3268	0.86453164 -0.3940154 -0.99999714 0.954424
3270	-0.97746724 0.10824006 -0.9993675 0.70934635
3278	-0.66824824 -0.99987626 -0.99884415 0.99676377
3282	0.95302254 -0.22823456 -0.9999992 0.99160653
3284	-0.99890476 -0.9677159 -0.9985199 0.99851555
3294	-0.9609414 -0.9979743 -0.99974275 0.99959445
3298	0.008073111 -0.99968874 -0.99998176 0.99884194
3299	-0.9681238 -0.9939278 -0.18859003 -0.34642228
3305	0.5828802 -0.6882391 -0.99993896 0.65757924
3307	0.8588217 -0.9999128 -0.99978656 0.99124545
3311	-0.95002306 -0.9998618 -0.9970177 0.99883157
3314	-0.8425582 -0.99651325 -0.9999247 0.9982149
3315	-0.974326 -0.9954286 -0.9982549 0.999466
3316	0.45940492 -0.9787378 -0.999969 0.9765984
3319	-0.9990173 -0.9294705 -0.9967478 0.99971473
3325	-0.99106437 -0.9922281 -0.8909525 0.63297343
3329	-0.9128521 -0.99601245 -0.9989555 0.9916185
3330	-0.5555686 -0.2613573 -0.99975973 0.9791064
3332	-0.96908724 -0.73078203 -0.99973255 0.99929893
3344	-0.8870631 -0.9910796 -0.9996158 0.999208
3347	0.24792871 -0.67775524 -0.9994461 0.9840347
3349	0.98594505 -0.99967587 -0.9997188 -0.058984883
3350	-0.067756675 -0.9995661 -0.99936503 0.23438047
3354	-0.9853482 -0.9993637 -0.99810725 0.99902153
3355	-0.6189091 -0.99988306 -0.9972189 0.9905859
3356	-0.25908664 -0.99934405 -0.97963643 0.9259537
3361	-0.9009326 -0.99851155 -0.9994682 0.9969038
3365	-0.829541 -0.9986185 -0.99323815 0.98593843
3367	-0.92965615 -0.99161905 -0.9245503 0.995055
3368	-0.9893668 -0.5346783 -0.992918 0.95473784
3370	0.106946826 -0.999176 -0.99986434 0.959201
3375	-0.51750004 -0.993418 -0.99963605 0.9939878
3379	-0.56507355 -0.680464 -0.99855554 0.9932784
3380	-0.8675473 -0.999371 -0.9993651 0.99751836
3381	0.94298375 -0.99991834 -0.999812 0.98235613
3384	-0.05793645 -0.99915147 -0.999773 0.23532498
3386	-0.8693031 -0.9999525 -0.9980918 0.9992802
3391	-0.23617546 0.7064794 -0.9850841 -0.6363557
3392	-0.7505946 -0.9971013 -0.998694 0.9505382
3394	-0.88287646 -0.979162 -0.9956941 0.92823344
3399	-0.99982476 -0.991842 -0.99668837 0.9997409
3401	-0.7196321 -0.9995968 -0.9028195 0.7125117
3403	-0.16631941 -0.9995693 -0.99999726 0.99990493
3410	-0.98308057 -0.99850625 -0.9998099 0.99978137
3412	-0.9333803 -0.9985277 -0.87071186 0.46357086
3413	-0.9700037 -0.9998635 -0.99249905 0.9983659
3415	-0.7703848 -0.99798656 -0.9982208 0.9992964
3416	0.18491583 -0.9999253 -0.9992517 0.76965606
3419	-0.99408567 -0.5349509 -0.9906498 0.87241054
3422	-0.994391 -0.96764237 -0.99447197 0.99685895
3424	-0.9755808 -0.9900639 -0.95835793 0.6042781
3425	-0.98159313 -0.99765515 -0.99914384 0.99819374
3426	-0.26552418 -0.9984175 -0.999961 0.9960685
3427	-0.9843659 -0.99549687 -0.9999769 0.9999386
3428	-0.99687976 -0.9869228 -0.9969345 0.99368817
3432	-0.9978918 -0.9986028 -0.9683604 0.99413013
3435	-0.9987114 -0.9885538 -0.9987538 0.99910253
3436	-0.8240256 -0.9996526 -0.9992614 0.99743336
3438	-0.7316212 -0.119232215 -0.999961 0.9564112
3441	-0.83899647 -0.9984353 -0.9999518 0.99950826
3445	-0.82552886 -0.99985623 -0.999929 0.999907
3448	-0.90901333 -0.999164 -0.99977845 0.9992262
3451	-0.12550843 -0.99527663 -0.9999968 0.99872214
3452	-0.49832258 -0.99797386 -0.99997157 0.9984499
3453	-0.88938177 -0.21071334 -0.9938499 -0.27747756
3455	0.12976916 -0.13048065 -0.99991035 0.10700928
3456	-0.99794316 -0.997281 -0.9786218 0.99245983
3457	-0.9973755 -0.9971231 -0.9899137 0.9955534
3464	-0.97850925 0.21626808 -0.999662 0.089595445
3465	-0.9973112 -0.9904353 -0.9987467 0.998466
3467	-0.9752277 -0.8684124 -0.9948456 0.87627053
3471	0.202395 -0.9991862 -0.99999964 0.9997426
3475	-0.99423134 -0.14784972 -0.911713 -0.019360458
3479	-0.48850697 -0.18601847 -0.99252635 0.1791537
3482	-0.1330311 -0.99827194 -0.9999776 0.99858946
3485	-0.37705022 -0.995463 -0.9996475 0.97502637
3493	-0.90116954 -0.99973714 -0.99933213 0.99910814
3496	0.06620414 -0.98504686 -0.9982601 0.9249259
3498	-0.9054871 -0.9991536 -0.999962 0.9998673
3499	-0.9996707 -0.5100251 -0.9849405 0.84877044
3500	-0.42911735 -0.99241054 -0.99029434 0.99431115
3503	-0.7873596 -0.99802953 -0.999941 0.9998091
3505	-0.10165789 -0.99978757 -0.99996173 0.99900126
3509	-0.60129267 -0.9963184 -0.9972728 0.90123194
3510	0.028424693 -0.22833475 -0.9999809 0.9416827
3517	-0.97428125 -0.9967527 -0.9999213 0.9998612
3520	0.94628775 -0.99434054 -0.9996999 -0.44222587
3526	-0.9867054 -0.99853116 -0.97675234 0.99346185
3527	-0.9984373 -0.9992629 -0.9932272 0.9997091
3531	-0.40075102 -0.88610506 -0.9991509 0.2515944
3533	-0.9988051 -0.9061689 -0.9969033 0.9844681
3537	-0.9875009 -0.9996647 -0.99894977 0.99977344
3541	-0.10084607 -0.9999549 -0.99932104 0.99950993
3545	-0.8718058 -0.9905112 -0.9994259 0.99384624
3547	-0.70349926 0.0024057967 -0.9997608 0.8635587
3548	-0.9996412 -0.9908738 -0.99837077 0.9997332
3549	-0.860893 -0.9998064 -0.9997316 0.99960023
3555	-0.9984103 0.45340353 -0.9948798 -0.093213186
3557	-0.56800133 -0.99978614 -0.99925286 0.9948111
3561	-0.9694861 -0.99228394 -0.99962264 0.9970312
3574	-0.6454772 -0.9997951 -0.998445 0.9955413
3576	-0.20449194 -0.9951241 -0.97250926 0.22097754
3583	-0.9431053 -0.77115536 -0.9994267 0.81371814
3584	-0.61916494 -0.9976451 -0.9999791 0.9990414
3586	-0.75728136 -0.9996809 -0.82957864 0.24488324
3587	0.22977288 0.55724674 -0.9998613 -0.096665904
3590	-0.96078753 -0.99984944 -0.99966496 0.99992055
3593	-0.999101 -0.8756736 -0.9600041 0.78229594
3594	0.3254633 -0.98283285 -0.9991561 0.6929566
3595	-0.99908376 -0.9997095 0.78719735 0.23349401
3600	-0.9494587 -0.9972836 -0.9992821 0.9953099
3602	-0.96139705 -0.9986901 -0.99502975 0.98624307
3603	-0.26614523 -0.9946193 -0.9117774 0.97576165
3604	-0.9995074 -0.99109966 -0.9869011 0.99673873
3605	-0.99795526 -0.86211205 -0.98894924 0.8542143
3606	-0.9386154 -0.9968763 0.30163586 -0.44212678
3616	-0.9994166 -0.983753 -0.99545276 0.99787605
3617	-0.9946256 -0.9863049 -0.9990273 0.9967642
3618	-0.90386146 -0.99924576 -0.998706 0.99542046
3620	0.81629324 -0.9959785 -0.9998436 0.95208865
3629	-0.99919313 -0.998398 -0.9966411 0.99974734
3633	-0.9927952 -0.9992342 -0.9993925 0.999837
3635	-0.9796856 -0.9996653 -0.90916866 0.9603583
3640	-0.86510265 -0.9976779 -0.9986439 0.97761565
3645	-0.990875 -0.87991333 -0.997816 0.9989527
3651	-0.76869845 -0.9997907 -0.99972576 0.9993041
3652	-0.098679334 -0.99866587 -0.9999293 0.9887311
3654	-0.8839507 -0.9816517 -0.24916035 0.11502997
3659	-0.9277237 -0.98605716 -0.9999188 0.99872196
3662	-0.9843524 -0.9999715 -0.9732404 0.9990896
3668	-0.9867662 -0.9995463 -0.9925064 0.997306
3672	-0.98420966 -0.9982207 -0.99923825 0.99900204
3675	-0.99930865 -0.99667746 -0.9989264 0.9998751
3678	-0.8337871 -0.9942952 -0.99995035 0.99826366
3679	-0.6166742 -0.755511 -0.9998403 0.9901929
3681	-0.6783698 -0.99309534 -0.9999966 0.999727
3685	-0.8633035 -0.99947786 -0.9993954 0.9991323
3687	-0.32667875 -0.9913101 -0.99999714 0.99900246
3689	0.99373126 -0.9935891 -0.9999623 -0.480891
3692	-0.854133 -0.99992037 -0.99982333 0.99988186
3693	-0.791912 -0.99976575 -0.9995333 0.9986513
3695	-0.9124826 -0.89535457 -0.9999591 0.99629354
3697	-0.9973755 -0.999517 -0.9990957 0.9999349
3698	-0.23531944 -0.96297985 -0.97971123 0.26143175
3699	-0.99804634 -0.9993033 -0.99072427 0.99921393
3700	-0.9976665 -0.108526126 -0.9924905 0.88798773
3702	-0.9982448 -0.22244374 -0.9995438 0.99947864
3704	-0.6360901 -0.20354658 -0.99931985 0.7170345
3706	-0.46963736 -0.9936718 -0.99640983 0.9892261
3709	-0.8919908 -0.99066895 -0.9999587 0.99841416
3710	-0.87299097 -0.5894365 -0.92860645 -0.77806044
3716	-0.9953354 -0.46850324 -0.9974695 0.98752713
3729	0.17489044 -0.99897 -0.9999992 0.9994897
3731	-0.38021535 -0.21601072 -0.999984 0.32002476
3733	-0.9999042 -0.9739966 -0.99508804 0.99935466
3734	-0.87436634 -0.9992868 -0.99996805 0.9998668
3735	-0.99551296 -0.9986647 -0.9970565 0.9990202
3741	-0.7394925 -0.6804977 -0.974334 0.81806
3742	-0.9837478 -0.35853025 -0.99728227 0.25221038
3743	-0.9940089 -0.9995002 -0.99869657 0.9997809
3745	-0.19050446 -0.7118515 -0.991711 -0.22839123
3747	-0.9991262 -0.9921891 -0.9925276 0.9972225
3751	-0.96991444 -0.99985164 -0.9995933 0.99992293
3756	-0.9996113 -0.99444556 -0.98956454 0.9986976
3760	-0.99994415 -0.8364509 -0.9728587 0.98700625
3765	-0.4003255 -0.42180654 -0.99834263 0.19258882
3767	-0.9992499 -0.9958893 -0.99939257 0.99990654
3770	-0.9971609 -0.9813108 -0.99245965 0.97996545
3771	-0.9972974 -0.9995874 -0.98614126 0.9989773
3774	-0.9830619 -0.9112832 -0.99995005 0.999984
3775	-0.96112657 -0.99993265 -0.9990796 0.99985135
3777	-0.9611347 -0.9686794 -0.97284603 0.27264926
3780	-0.038371723 -0.9975275 -0.99985015 0.995611
3781	-0.79887724 -0.9979806 -0.9997148 0.994861
3782	-0.23663142 -0.49513987 -0.99027944 0.1408421
3783	-0.9957468 -0.9996896 -0.9976706 0.99983996
3785	-0.88431364 -0.99827695 -0.9999385 0.9994818
3786	-0.9987928 -0.977186 -0.85089755 0.33749807
3791	-0.97156316 -0.9680585 -0.9999019 0.9996066
3799	-0.8778189 -0.99950635 -0.9996361 0.99890274
3814	-0.6483999 -0.5647091 -0.99988633 0.99311787
3821	-0.9883749 -0.9934996 -0.9997941 0.99945664
3823	-0.9854083 -0.40169245 -0.99916816 0.6574076
3826	-0.92671007 -0.14137293 -0.9990303 0.96254104
3829	-0.8475772 -0.1839799 -0.9878107 -0.76468545
3830	-0.9975211 -0.991478 -0.97694206 0.9822518
3832	-0.9987713 -0.99938685 -0.99396336 0.9997451
3838	-0.9468447 -0.80823296 -0.9999606 0.9968793
3840	-0.7400303 -0.99850667 -0.99993706 0.9990457
3841	0.18910699 -0.97223693 -0.99949294 -0.13704464
3842	-0.9234698 -0.9994386 -0.99986476 0.99971944
3845	-0.9024676 -0.98729837 -0.9999463 0.9974772
3856	-0.25783288 -0.999926 -0.99998933 0.9999388
3858	-0.48618552 -0.37691945 -0.99932045 0.7124422
3870	-0.98878056 -0.99121106 -0.99996454 0.9998862
3874	0.14995275 -0.99551743 -0.9999932 0.9976947
3879	-0.98490757 0.13625987 -0.99809915 -0.116758175
3880	0.6391502 -0.9993669 -0.99658865 0.7486725
3881	-0.2373185 -0.9610712 -0.99592566 0.837743
3883	-0.98662335 -0.22409412 -0.2569433 0.07012186
3884	-0.99855494 -0.999382 -0.99260646 0.9995842
3885	-0.99990207 -0.6367252 -0.9873155 0.97170156
3886	-0.9961997 -0.270459 -0.99018395 0.85146093
3889	-0.909706 0.933512 -0.95141953 0.11368645
3890	-0.9997945 -0.13014849 -0.976954 0.61333287
3891	-0.9999254 -0.09480604 -0.97666955 0.98522264
3892	-0.9979473 -0.9639992 -0.99404585 0.9784693
3893	-0.9998968 -0.12585057 -0.9883757 0.9765879
3895	-0.9506031 0.9019625 -0.99741083 -0.18365885
3896	-0.99396133 -0.9784069 -0.9970221 0.98182184
3901	-0.21983467 -0.28163666 0.16490345 -0.017933372
3905	-0.99718565 0.7737037 -0.96427125 -0.8042381
3909	-0.9593569 -0.99946415 -0.9992349 0.9992187
3914	-0.99989104 -0.61408865 -0.64593 0.28973597
3915	-0.6189676 -0.99925107 -0.9998201 0.9968389
3916	-0.98607695 -0.99976575 -0.99911696 0.9998683
3922	-0.28412345 -0.9394067 -0.9959727 0.8433935
3926	-0.2563927 0.04913093 -0.9988198 0.05125573
3937	-0.999965 -0.9389665 -0.91934574 0.98894477
3942	-0.99819416 -0.21308534 -0.99893636 0.27434883
3943	-0.9992598 -0.43252942 -0.9901433 0.7527208
3944	-0.99958616 -0.9801354 -0.98487 0.9933843
3945	-0.99952096 -0.998991 -0.99171937 0.9997679
3956	-0.99986726 -0.99342126 -0.82947516 0.9992243
3957	-0.9989992 -0.50418705 -0.988462 0.76611495
3958	-0.9892798 -0.994133 -0.99964577 0.9990052
3963	-0.9308716 -0.012890497 -0.99989873 0.900283
3969	-0.9702505 -0.97380936 -0.99886715 0.9983722
3972	-0.991999 -0.99846363 -0.9987028 0.9996239
3973	-0.6432328 -0.99854684 -0.99982303 0.99761945
3974	-0.9998134 0.120911084 -0.8491878 -0.26012665
3976	0.19353953 -0.993127 -0.9999982 0.9900927
3979	-0.9876616 -0.99760073 -0.98164314 0.99825144
3981	-0.9996994 -0.47357136 -0.9953787 0.99739176
3982	-0.997622 -0.99974793 -0.99127245 0.9996817
3986	-0.99146765 -0.9995477 -0.99888533 0.9997649
3988	0.96058893 -0.40731162 -0.9999892 0.8242344
3993	-0.99304134 -0.99774903 -0.9995595 0.9997097
3995	-0.94108695 -0.99930435 -0.99757123 0.9946954
4001	-0.9990687 -0.9993963 -0.99134797 0.9997102
4003	-0.81895363 -0.30682927 -0.99922705 0.9695315
4009	-0.97038096 0.51315933 -0.9992616 0.28747818
4012	-0.23403636 -0.998253 -0.9975665 0.23595758
4013	-0.95263016 -0.98942447 -0.99986345 0.9973401
4015	-0.22545925 -0.63643426 -0.9959179 -0.27784452
4018	-0.027535317 -0.21806267 -0.9998538 0.13182284
4019	0.9901166 -0.7228699 -0.99996907 -0.284758
4023	-0.9976682 -0.9997745 -0.9906359 0.9997515
4025	-0.8954554 0.8770019 -0.99868345 -0.47595662
4028	0.18587697 -0.9999193 -0.99904174 0.99349463
4030	-0.0675016 -0.9990167 -0.9996501 0.27285913
4031	-0.23211336 -0.97131866 -0.9982588 0.65001917
4037	-0.33052203 -0.99374515 -0.99898803 0.71131355
4040	-0.21099477 -0.99891835 -0.9995735 0.9337456
4046	0.8840571 -0.99351466 -0.9997583 0.5023859
4047	-0.9719309 -0.5780514 -0.99582225 0.9989744
4048	-0.997745 -0.9948333 -0.9994786 0.99972075
4050	-0.89483637 -0.6791365 -0.9995378 0.54024994
4055	-0.9998853 -0.9944621 -0.9580481 0.99828523
4057	-0.83085775 -0.9905512 -0.43419874 0.11526562
4060	-0.9666987 0.6634313 -0.99959856 -0.36144903
4064	-0.36187658 -0.9992105 -0.99438435 0.758422
4066	-0.9990583 0.8225013 -0.97143203 -0.70926183
4068	0.9291168 -0.9998426 -0.9988053 0.086905524
4073	-0.9987651 -0.24055752 -0.98763585 0.2389413
4079	-0.9920944 -0.9984569 -0.99946797 0.9996867
4089	-0.76994944 -0.99834675 -0.99962586 0.99383384
4092	-0.9998702 0.11370417 -0.9863435 0.55721796
4096	-0.2115397 -0.5535594 -0.9982757 -0.3308501
4097	-0.986619 -0.9991231 -0.99872303 0.9992407
4098	-0.9558505 -0.98686063 -0.9986168 0.96579945
4102	-0.992546 -0.53152245 -0.9942925 0.9776908
4104	-0.9990226 -0.9654332 -0.9949667 0.9918819
4105	-0.9856345 0.07470037 -0.99488384 0.37831527
4108	-0.25025472 -0.8443481 -0.9979887 0.9484942
4110	-0.96908265 -0.98396546 -0.99981254 0.9988833
4112	-0.99615747 -0.97333574 -0.99898946 0.9954583
4113	-0.9891361 -0.9369825 -0.9999305 0.99959445
4115	0.64859885 -0.4208409 -0.99959636 -0.9064371
4117	-0.9443905 -0.8956022 -0.9987104 0.8355806
4119	-0.9968315 -0.8695404 -0.92452633 0.29906508
4120	0.10791531 -0.9553639 -0.99998647 0.9262605
4121	-0.99200183 0.46515617 -0.9975575 0.23108508
4123	-0.23977366 -0.110255815 -0.9999963 0.8982227
4124	-0.22641933 -0.9807828 -0.9998131 0.23550056
4128	-0.44470146 -0.9977356 -0.9999218 0.9981342
4129	-0.43868798 -0.9887166 -0.9909869 0.94512665
4131	-0.24677628 -0.99700636 -0.99997765 0.9959233
4133	-0.5645639 -0.9973883 -0.99998325 0.9990476
4141	-0.98427355 -0.9774504 -0.5899205 0.19501178
4146	-0.9971409 -0.083495505 -0.997944 0.9468634
4147	-0.9990323 -0.9953481 -0.99719185 0.9993764
4148	-0.54239106 -0.99928707 -0.9999831 0.99973315
4149	-0.23572333 -0.62963843 -0.9960828 0.17940336
4150	-0.23467867 -0.92491585 -0.99932706 0.2355597
4152	-0.9928037 -0.8075249 -0.9986856 0.94792056
4153	-0.23200129 -0.23976336 -0.9971346 0.79219306
4156	0.17159756 -0.2585316 -0.9999956 0.23608308
4158	-0.647262 -0.9994792 -0.9997961 0.99798214
4165	0.9089494 -0.99662495 -0.9998977 0.95189106
4168	0.84073865 -0.9996216 -0.9999173 0.9896517
