37
80
114
125
176
179
385
480
535
590
735
887
1111
1320
1332
1364
1388
1395
1461
1517
1681
1699
1700
1938
1998
2002
2079
2132
2381
2422
2431
2486
2544
2610
2691
2706
3317
3524
3642
3663
3739
3792
3797
3849
4021
4033
52
141
231
258
491
496
782
805
842
1004
1032
1038
1085
1087
1182
1247
1250
1297
1323
1418
1703
1724
1728
1732
1785
1866
2020
2362
2524
2645
2653
2655
2749
2851
3084
3194
3195
3269
3337
3472
3473
3494
3528
3658
3790
27
204
265
412
499
512
744
860
865
1040
1063
1191
1195
1423
1426
1472
1508
1522
1600
1642
1656
1766
1789
1929
2016
2056
2191
2359
2448
2755
2775
2782
2860
2950
3106
3648
3674
3759
3807
3811
3848
3923
4174
4
70
324
366
400
575
576
592
928
1029
1083
1168
1242
1270
1351
1481
1702
1786
1831
1837
1878
1942
1959
2144
2227
2341
2380
2692
2699
2722
2753
2863
2883
2898
2925
3076
3166
3300
3402
3546
3715
3773
3806
3857
4032
4043
4161
9
267
345
435
522
682
816
929
938
940
978
1239
1313
1429
1434
1454
1671
1690
1714
1775
1861
1863
1916
1979
2076
2127
2235
2256
2628
2678
3141
3147
3389
3598
3612
3631
3638
3653
3788
3810
3941
4091
69
200
371
514
707
739
888
979
1002
1009
1124
1235
1241
1451
1483
1704
1836
2035
2063
2113
2118
2159
2231
2248
2378
2492
2548
2591
2745
2981
3014
3160
3161
3173
3204
3242
3250
3271
3272
3276
3345
3962
4159
139
666
697
729
882
955
1175
1204
1335
1430
1570
1582
1598
1910
2177
2196
2249
2289
2295
2298
2844
2922
3005
3074
3157
3373
3578
3610
3628
3906
4075
4154
36
111
153
270
376
382
468
603
653
701
725
1022
1023
1090
1094
1221
1345
1381
1641
1846
1869
1946
1986
1995
2032
2121
2430
2462
2759
2770
2804
2953
3041
3188
3327
3360
3397
3443
3495
3523
3570
3661
3670
3933
4007
122
158
170
243
308
403
475
495
680
846
988
1011
1021
1059
1475
1574
1693
1722
2058
2180
2484
2530
2649
2727
2923
2956
3020
3125
3149
3339
3766
3904
3948
3961
4069
4087
4144
63
95
123
130
161
169
191
192
316
380
428
478
662
690
791
892
1328
1801
1950
2361
2446
2538
2723
2737
2817
2924
3128
3501
3613
3614
3748
3866
3928
4077
4103
4134
4171
32
273
404
415
488
585
686
719
789
807
1012
1078
1187
1272
1349
1569
1619
1764
1828
1858
1930
2008
2048
2054
2182
2202
2203
2400
2440
2969
3002
3034
3142
3189
3341
3644
3749
3861
35
71
150
171
172
218
296
350
365
828
843
908
1074
1317
1435
1440
1527
1554
1660
1705
1727
1794
1805
1809
1954
2009
2034
2162
2201
2210
2693
2830
3037
3297
3480
3567
3720
3779
4067
4086
4130
4155
128
338
344
432
469
484
565
713
786
1082
1139
1469
1537
1748
1758
1769
1903
1936
1973
2160
2376
2884
2936
2940
2942
3229
3335
3395
3562
3746
3834
3894
3930
3936
4004
4053
4080
4167
24
119
230
277
306
506
623
905
1167
1246
1484
1686
1894
1937
2319
2469
2546
2905
3090
3163
3164
3251
3267
3308
3321
3508
3615
3649
3931
4039
4140
147
195
237
337
570
722
850
1018
1112
1189
1249
1477
1523
1566
1657
1706
1806
1815
2080
2169
2184
2200
2272
2615
2710
2720
2850
2900
3082
3280
3296
3369
3543
3599
3666
3761
4035
4173
5
127
233
259
731
823
1069
1137
1713
1888
1912
2216
2302
2414
2418
2643
2677
2704
2891
2902
2965
3107
3181
3277
3348
3440
3466
3490
3556
3667
3680
3701
3721
3787
3815
3819
3863
4010
279
303
322
329
420
427
543
636
652
895
1005
1088
1122
1128
1145
1402
1493
1751
1855
1932
1977
1993
2068
2176
2689
2909
2960
2987
3077
3134
3358
3627
3643
3650
3750
3940
4027
4049
4058
41
373
601
930
939
947
1134
1141
1302
1374
1380
1590
1679
1720
1862
2071
2100
2136
2250
2278
2407
2454
2712
2832
2915
2996
3081
3177
3224
3273
3283
3290
3371
3390
3474
3582
3588
3647
3732
3876
3989
4114
314
425
426
516
754
769
778
900
1066
1081
1150
1162
1245
1274
1281
1376
1551
1626
1884
1925
1992
2067
2218
3097
3159
3529
3639
3950
3951
4090
65
118
157
215
463
644
742
931
1330
1457
1581
1754
1976
2096
2137
2181
2299
2455
2501
2525
2644
2690
2698
2742
3376
3405
3442
3554
3682
3683
3724
4020
4022
284
441
451
547
558
877
967
970
1093
1144
1163
1311
1334
1465
1480
1486
1489
1688
1692
2011
2042
2101
2134
2258
2398
2467
2985
3309
3336
3918
3932
4034
4094
44
133
140
236
413
1152
1199
1220
1342
1521
1718
1817
2279
2379
2436
2485
2605
2847
2861
2866
3044
3306
3607
3714
3820
3946
3964
3996
4151
240
253
358
557
684
1058
1079
1441
1449
1576
1601
1609
1698
1729
1783
1823
1919
2154
2161
2331
2750
2778
3112
3138
3155
3191
3477
3611
3919
4056
504
638
645
983
1413
1557
1812
2284
2416
2533
2686
2725
2747
2805
2873
2979
3096
3124
3169
3196
3274
3279
3293
3491
3502
3713
3726
3869
3970
3971
3978
3983
4099
25
498
511
562
780
825
976
995
1097
1099
1243
1443
1622
1680
1948
2013
2021
2664
3148
3192
4071
4125
4136
40
167
292
297
381
544
732
963
989
1257
1563
2124
2322
2363
2542
2609
2786
2868
2870
3252
3566
3827
3960
3967
3991
83
227
295
624
822
852
991
1039
1041
1073
1116
1237
1308
1354
1393
1420
1512
1725
1777
1957
2213
2413
2740
2869
3078
3757
4036
51
77
142
326
472
1156
1225
1726
1735
1816
2120
2247
2311
2328
2386
2513
2596
2794
2812
3119
3221
3525
3711
3755
3831
3867
3875
3975
151
261
275
280
421
524
533
661
862
1003
1119
1207
1214
1491
1584
1595
1663
1773
1968
2047
2754
3534
3764
3772
3897
3900
66
552
824
1591
2019
2074
2281
2300
2406
2408
2572
2581
2619
2636
2856
2918
3000
3036
3231
3254
3256
3285
3301
3423
3434
3444
3462
3669
3691
3778
4005
4138
238
355
704
808
863
871
873
1084
1231
1485
1500
1683
1850
2082
2157
2846
4084
173
410
502
691
1577
2285
2303
2415
2464
2472
2579
2602
2781
2809
2815
2827
2833
2957
3064
3085
3182
3718
3776
271
349
397
474
637
768
851
1389
1398
1542
1639
1804
1905
2060
3486
3828
4038
4059
4116
181
198
820
1215
1865
1943
1994
2237
2273
2424
2489
2537
2566
2592
2773
3001
3123
3258
3281
3291
3346
3388
3446
3688
3717
222
356
363
591
677
1428
1534
1631
1956
2072
2083
2504
3145
3753
3935
4045
19
2287
2321
2340
2383
2396
2410
2434
2498
2558
2826
2943
2947
3035
3039
3234
3275
3488
3621
3690
3736
3864
3868
3968
23
369
395
434
891
1034
1385
1498
1827
1996
2167
2668
2992
3121
3385
3409
3535
29
90
206
411
819
1875
2106
2128
2277
2314
2417
2499
2528
2600
2625
3013
3087
3469
4162
187
251
470
848
907
1105
1439
1497
1526
1643
1669
1867
2114
3768
4024
4070
116
458
663
2097
2131
2339
2433
2574
2580
2617
2640
2919
3018
3071
3114
3120
3404
3459
3461
3518
3532
3684
3707
3725
3859
3994
4000
4143
4176
250
550
777
909
1062
1071
1086
1695
1709
1778
2012
3539
4062
4083
39
342
546
920
1019
2146
2265
2315
2348
2356
2441
2520
2552
2673
2855
2935
2964
3068
3328
3483
509
733
889
1394
1780
3560
3592
239
2086
2382
2449
2470
2476
2535
2556
2569
2821
3023
3247
3289
3322
3411
3433
3813
3853
3965
4107
319
477
580
628
968
1378
1587
1684
1797
1821
2051
2108
3127
3167
3212
3660
3794
529
849
2022
4041
489
960
1282
1407
3573
3949
548
864
886
1975
2195
2246
2852
2980
526
599
626
953
1177
1803
2126
2233
513
607
972
2116
3190
293
1170
1424
1603
2269
901
1159
1409
1819
1883
2073
4051
390
534
640
1135
1479
2675
758
1370
1375
3302
1193
1596
1739
2728
1592
3789
3338
3558
459
