152
310
408
437
460
627
630
689
756
763
781
815
881
971
1042
1095
1130
1251
1348
1544
1740
1840
1931
1988
2024
2046
2064
2292
2428
2432
2916
3102
3162
3314
3448
3455
3605
3709
4012
4096
33
57
93
106
300
398
866
875
878
918
1007
1238
1253
1284
1296
1466
1890
1921
1941
1969
2052
2092
2369
2427
2429
2481
2529
2803
2934
3533
3745
3780
3886
4047
4165
4168
15
86
120
132
263
518
537
673
703
774
897
936
944
1230
1355
1358
1431
1507
1620
1665
2025
2030
2175
2509
2613
2702
2785
2831
2848
3042
3091
3109
3131
3604
3616
3629
3973
4030
10
16
20
189
193
301
332
386
402
447
462
867
902
915
917
1033
1126
1263
1306
1382
1432
1495
1533
1717
1736
1779
1782
1908
2148
2450
2648
2946
3010
3384
3419
3555
3576
3590
3640
3782
3883
3943
4079
4104
4120
4158
162
185
494
610
814
914
941
1027
1055
1092
1115
1131
1234
1359
1546
1562
1666
1886
1918
2198
2220
2695
2738
2746
2887
3063
3208
3214
3284
3344
3415
3496
3652
4055
268
317
486
582
699
896
942
998
1110
1113
1294
1532
1757
1759
1915
2003
2059
2077
2129
2141
2253
2634
2703
2779
2818
2904
2908
2948
2997
3319
3332
3413
3799
3879
3942
4015
54
225
549
833
876
952
986
1045
1068
1109
1164
1184
1267
1344
1396
1437
1470
1503
1549
1593
1605
1716
1987
2179
2187
2296
2519
2539
2635
2790
2792
2903
2984
3118
3307
3381
3505
3595
3662
3675
3775
3826
60
213
656
845
981
992
1061
1218
1266
1322
1482
1599
2081
2168
2267
2288
2447
2823
2845
2865
3027
3137
3355
3499
3517
3541
3635
3743
3774
3937
3969
38
159
196
285
352
667
668
755
779
784
912
925
997
1008
1410
1506
1556
1649
1737
2117
2219
2268
2564
2751
3232
3391
3545
3678
3767
4066
4153
183
361
473
716
724
787
923
924
1133
1192
1206
1356
1487
1499
1640
1743
1771
1807
1825
2104
2112
2665
2885
3004
3043
3180
3241
3305
3315
3432
3645
3783
3785
3926
3981
4031
4073
55
117
134
247
256
299
718
1240
1471
1545
1749
1811
1844
1933
2084
2115
2143
2283
2780
3032
3095
3115
3139
3347
3399
3547
3584
3972
4023
4057
4068
4098
4108
4124
49
186
249
450
457
674
723
747
751
1052
1143
1202
1285
1462
1531
1550
1553
1589
1614
1623
1687
1745
1845
1891
1999
2477
2505
2733
2876
3049
3200
3213
3465
3760
3786
3884
3914
3982
4092
399
574
577
598
757
821
926
1067
1254
1390
1529
1715
1879
1966
2109
2215
2254
2286
2493
2577
2670
2701
2793
2799
2973
3011
3111
3122
3316
3350
3370
3479
3617
3633
3693
3765
94
429
443
517
615
618
688
694
788
795
1089
1121
1174
1738
1761
1835
1872
1928
2033
2037
2679
2816
2843
2995
3080
3500
3771
3881
3901
8
91
100
102
105
129
145
210
214
312
367
721
899
932
1025
1248
1291
1337
1721
2190
2209
2390
2438
2521
2589
2757
2776
2932
2993
3065
3066
3129
3223
3257
3263
3356
3386
3464
3467
3527
3561
3777
3958
4060
4105
4115
490
569
621
658
1096
1138
1154
1203
1233
1255
1336
1468
1579
1634
1733
1772
1795
1985
2317
2323
3132
3207
3379
3509
3672
3909
3974
4149
30
180
566
835
1149
1209
1346
1541
1568
1947
1955
2015
2098
2354
2357
2570
2599
2707
2718
2774
2929
2962
3072
3105
3146
3156
3412
3510
3600
3606
3654
3733
3781
4001
4141
112
166
334
594
730
832
1037
1103
1172
1277
1288
1571
1606
1646
1753
1755
1851
1972
2633
2810
2864
3294
3587
4146
11
98
108
149
168
190
244
346
492
588
643
772
1548
1898
2259
2371
2522
2624
2638
2842
2878
2889
2920
2937
3012
3089
3092
3184
3422
3548
3814
4003
4129
4147
178
336
393
536
616
619
714
765
854
1000
1510
1540
1632
1824
1909
1997
2226
2734
2853
3028
3593
3896
4050
56
74
96
143
315
583
1166
1488
1511
1689
1784
1802
2327
2330
2412
2466
2531
2547
2554
2717
2729
2763
2895
2952
3153
3216
3265
3368
3424
3435
3485
3498
3603
3689
3700
3841
3856
3986
4013
4040
4128
2
241
311
359
440
467
586
1148
1151
1295
1300
1353
1391
1459
1473
1520
1653
1710
1791
1914
2007
2050
2075
2142
2672
2978
3158
3198
3311
3549
3915
6
201
220
394
419
442
706
1024
2105
2123
2207
2290
2355
2370
2444
2479
2510
2616
2651
2674
2951
2961
3006
3086
3130
3244
3246
3270
3329
3410
3427
3451
3503
3681
3695
3702
3710
3832
4064
4112
347
553
596
639
687
753
898
969
1100
1268
1286
1289
1357
1460
1518
1616
1765
1781
1927
1939
2040
2062
2939
3594
3618
3893
4046
4150
1
154
155
221
257
283
464
600
826
827
1013
1051
1114
1169
1212
1822
1870
1940
2211
2276
2318
2346
2425
2442
2460
2559
2735
2769
2872
2888
2933
2974
3055
3236
3428
3445
3457
3692
3706
3716
3751
3791
3823
3829
3870
4048
4102
4110
87
357
476
568
809
831
1292
1352
1505
1564
1617
1637
1696
1814
1818
2010
2173
2243
2654
417
431
444
726
1236
1384
2094
2240
2475
2588
2630
2713
3116
3245
3298
3325
3330
3367
3438
3602
3679
3821
4097
4152
370
389
436
453
685
872
885
962
974
1006
1123
1196
1415
1442
1624
1661
1677
1980
1983
2069
2238
2836
2859
3008
3583
3668
3756
3892
3922
4028
92
135
137
305
430
665
720
1258
1853
2174
2183
2225
2478
2598
2611
2741
2862
3067
3264
3299
3452
3456
3482
3493
3586
3620
3704
3742
3842
3845
3993
3995
4113
4131
368
452
589
608
752
1050
1369
1580
1820
1868
1974
2039
2938
3354
3375
3520
4019
13
1001
2122
2135
2153
2172
2274
2294
2326
2456
2461
2495
2585
2662
3009
3033
3053
3073
3361
3436
3475
3685
3858
3979
4121
4156
676
746
817
861
874
956
1273
1312
1555
1734
1859
2835
3057
3278
3944
53
248
374
416
1210
1849
2026
2091
2150
2199
2305
2313
2426
2473
2494
2503
2517
2555
2595
2607
2656
2669
2874
2970
3215
3365
3401
3735
3976
4117
12
629
675
829
1538
2028
2155
2719
3003
3201
3380
163
351
507
545
1211
1675
2133
2185
2282
2496
2594
2694
2822
3059
3219
3237
3526
3697
3734
3988
58
286
378
538
801
916
1309
1310
1339
1373
1586
1800
2017
2800
2882
3193
3747
3957
4037
224
372
734
1340
1963
2099
2334
2344
2463
2491
2512
2586
2597
2601
2604
2688
2813
2907
2967
2991
3062
3255
3425
3426
3687
3731
4133
327
348
669
811
813
935
1030
1324
1408
1651
1674
1829
1920
1922
2252
3126
3140
3531
3537
4089
212
388
951
1262
1896
2044
2166
2257
2342
2397
2565
2657
2659
2914
3403
3453
3471
3659
3698
3699
4123
289
728
1271
1676
1770
1842
1843
2266
3770
3885
3905
4018
3
64
99
208
844
2087
2263
2391
2401
2405
2480
2575
2614
2623
2772
2944
3093
3268
3838
3880
3963
4119
4148
528
748
965
1161
1774
2018
2078
2149
2680
2687
2896
3557
3651
3945
75
418
736
1015
1256
2320
2335
2567
2631
3047
3098
3729
3830
3840
764
980
987
1031
1305
1524
1991
2130
2825
2941
3170
3394
3416
3741
3956
654
2066
2090
2147
2204
2309
2576
2618
2632
2748
2819
2901
3101
3282
3441
3874
446
515
1261
1265
1401
1530
2234
3165
3895
793
1650
409
622
884
973
975
1054
1316
1552
1572
2783
252
593
613
702
1060
2912
4009
354
770
1044
1046
1194
1618
1839
2140
1120
3349
3890
635
695
696
1259
1433
1826
3172
3218
3574
3891
479
712
1446
1559
1750
4025
660
2875
3916
2236
530
634
3889
138
3392
