43
76
109
156
705
841
943
945
1035
1065
1072
1104
1176
1303
1447
1490
1519
1652
1678
1697
1978
2053
2301
2435
2726
2893
2911
3174
3487
3625
3784
3902
3903
3927
3947
4139
4166
0
22
148
182
290
331
343
510
563
642
859
883
961
994
1106
1386
1399
1504
1515
1547
1633
1796
1830
1906
1911
1917
1958
1961
2043
2125
2404
2502
2563
2976
3100
3217
3253
3260
3357
3579
3966
197
255
272
391
949
1014
1056
1419
1585
1659
1776
1810
1857
1876
1962
2145
2193
2245
2338
2545
2578
2652
2667
2972
3079
3178
3387
3437
3507
3542
3762
3809
3911
3924
79
274
281
287
405
561
564
604
612
633
767
946
1125
1365
1708
1762
1833
1873
1877
1902
2029
2031
2681
2838
3083
3175
3206
3238
3312
3320
3463
3514
3568
3754
3805
26
110
160
232
414
559
657
664
692
708
743
762
836
847
1098
1179
1229
1232
1321
1350
1400
1453
1561
1567
1768
1860
2014
2165
2308
2375
2515
2627
2807
3183
3220
3227
3331
3454
3626
3632
3719
3740
3752
3801
3846
3987
4142
124
330
745
785
798
903
950
1299
1318
1367
1379
1397
1448
1456
1560
1575
1594
1602
1662
1889
1989
2041
2270
2368
2806
3144
3197
3295
3343
3374
3671
4088
4169
4172
17
59
174
294
333
362
521
602
648
783
880
1178
1180
1213
1362
1628
1808
1934
1960
1970
2065
2242
2275
2387
2403
2453
2514
2516
2534
2561
2641
2784
2839
3199
3222
3333
3421
3478
3511
3516
3571
3580
3676
3722
3758
3862
3865
14
321
617
760
919
990
1049
1129
1327
1478
1496
1516
1645
1707
1965
1981
1982
2110
2217
2324
2697
2798
2828
2867
2880
3143
3907
3952
4076
4093
78
81
209
216
229
328
448
456
465
551
834
1016
1183
1219
1228
1325
1372
1392
1514
1787
1885
1899
1952
2170
2264
2352
2411
2511
2660
2721
2837
3326
3340
3342
3366
3512
3536
3551
3559
3609
3656
3738
3938
4095
4127
4170
62
103
184
235
264
422
525
632
693
717
750
761
830
1076
1077
1173
1425
1438
1452
1648
1731
1746
2055
2156
2483
2508
2518
2989
3154
3168
3398
3769
3882
3910
4017
4164
42
84
104
228
423
501
573
771
1127
1155
1290
1405
1611
1712
1892
1967
2038
2057
2138
2163
2280
2506
2543
2724
2766
2854
2877
2886
2910
2958
3045
3230
3239
3303
3351
3377
3406
3431
3550
3553
3575
3601
3623
3837
3855
3871
3980
4026
164
175
211
288
439
483
520
641
985
1028
1064
1208
1314
1588
1629
1852
1856
2036
2222
2223
2260
2372
2709
2716
2808
2824
2945
3210
3393
3418
3515
3908
4137
72
121
320
377
461
958
993
1147
1165
1198
1244
1621
1664
1741
1887
2206
2230
2349
2367
2389
2507
2551
2768
2787
2797
2829
2857
2890
2999
3038
3052
3313
3324
3420
3460
3530
3630
3634
3712
3795
3800
3817
3992
4106
205
523
531
567
812
1020
1036
1048
1118
1216
1222
1283
1301
1694
1701
1742
1895
1923
1945
2000
2152
2194
2197
2208
2224
2647
2756
2814
3110
3202
3796
3804
3808
4044
649
838
999
1026
1181
1224
1252
1558
1613
1670
1792
1838
1949
2089
2093
2262
2439
2582
2612
2626
2714
2971
3104
3228
3288
3334
3396
3468
3476
3596
3744
3939
4082
4118
4163
88
113
177
364
605
620
698
700
773
776
855
879
1160
1197
1260
1264
1275
1276
1280
1360
1363
1366
1463
1464
1644
1813
1900
2006
2642
2705
2955
3133
3608
3655
3953
4016
4052
4085
28
48
89
146
396
840
959
1091
1102
1107
1200
1377
1525
1607
1723
1798
1901
1944
2102
2232
2337
2358
2366
2457
2541
2658
2676
2700
2789
2871
2986
3069
3362
3447
3522
3538
3544
3577
3723
3977
4054
4081
47
318
541
554
556
571
597
964
977
1108
1223
1501
1578
1638
1667
1882
2004
2360
2760
2795
3088
3135
3185
3519
3521
3898
3899
18
61
107
242
445
578
922
1153
1333
1630
1893
1904
2306
2307
2345
2419
2443
2465
2482
2527
2557
2560
2684
2858
2966
2982
3019
3050
3051
3058
3233
3248
3249
3262
3408
3450
3489
3624
3641
3646
3727
3824
3998
4006
4063
4072
4160
302
500
606
609
672
803
1157
1188
1403
1427
1673
1711
1832
1834
1847
1990
2005
2178
2239
2373
2743
2791
2892
3793
3818
3851
3955
3959
4061
4065
278
424
508
740
934
937
1383
1730
1913
2151
2332
2351
2532
2540
2550
2583
2739
2926
3048
3054
3108
3187
3205
3243
3353
3378
3414
3728
3850
3878
3929
3999
4126
136
307
313
503
679
799
800
806
810
857
984
1043
1053
1075
1158
1326
1455
1583
1658
1691
1848
1951
2001
2228
2423
3211
3383
3497
3504
3572
3622
4029
4101
7
85
254
519
711
839
890
1647
1719
2107
2192
2255
2293
2343
2490
2523
2549
2587
2620
2744
2767
2777
2917
2990
3021
3026
3029
3318
3400
3565
3637
3825
3844
4002
4014
4175
276
298
540
670
683
727
741
775
904
1201
1287
1329
1411
1421
1445
1476
1597
1668
1752
1760
1897
2023
2045
2158
2487
2500
3209
3359
3363
3417
3802
3921
73
115
309
406
581
678
1185
1226
1788
2085
2189
2241
2374
2420
2571
2637
2661
2840
2998
3016
3117
3266
3287
3552
3581
3822
3836
21
67
291
497
651
655
794
796
1136
1331
1338
1625
1926
1935
2325
2685
2834
2849
2897
2994
3152
3798
4074
97
165
194
207
584
1854
2399
2409
2568
2629
2683
2788
2983
3103
3176
4008
4011
4111
226
353
392
485
614
1347
1406
1474
1494
1502
1513
1655
1790
1924
1971
2402
2437
2928
2975
3150
3310
3513
3585
3657
202
223
269
304
527
542
910
933
1010
1017
2103
2186
2336
2526
2731
2752
2921
2977
3031
3046
3056
3179
3259
3407
3429
3540
3569
3664
3705
3737
3816
3835
3854
3984
4132
262
493
532
710
1146
1368
1528
1535
1763
1841
2188
2988
3136
3887
46
131
245
260
266
335
339
407
818
911
1343
1793
1881
1907
1953
2061
2244
2261
2310
2350
2384
2445
2458
2536
2606
2682
2764
2879
2968
3017
3022
3024
3040
3060
3261
3304
3323
3470
3484
3597
3839
4109
4145
219
325
455
595
759
797
868
1615
1864
2392
3506
3564
3913
144
375
1536
1767
1880
2070
2297
2304
2312
2333
2394
2459
2488
2590
2608
2639
2650
2663
2906
2913
2927
3099
3186
3286
3439
3458
3677
3730
3812
3833
4157
101
996
1047
1057
1205
1319
1436
1458
1565
1636
1682
1685
1756
1874
1984
2205
2820
2894
3171
3352
3372
3917
203
246
282
913
927
2088
2095
2119
2221
2393
2451
2593
2621
2671
2732
2801
2899
2931
2963
3007
3030
3094
3430
3686
3703
3708
3763
3860
360
449
587
858
870
894
982
1190
1217
1298
1371
1509
1604
2139
2214
3292
3591
433
948
2364
2377
2385
2452
2497
2573
2666
2711
2949
3025
3619
3673
3694
3803
3873
3985
3990
3997
4100
4135
188
401
482
487
709
802
1080
1747
2049
2164
2229
2730
2881
3872
3888
217
340
2171
2291
2347
2421
2468
2471
2603
2622
2811
2959
3225
3235
3449
3843
3847
4122
466
471
681
766
804
856
869
893
906
1412
1610
1627
1744
1964
2646
3061
3151
3364
31
45
68
738
837
1361
1799
2316
2474
2584
2715
2761
2762
2771
2802
3113
3226
3481
3492
3877
384
505
611
954
1307
1416
1422
1543
1672
2027
2111
2758
2930
3382
3954
34
379
454
560
737
2271
2329
2353
2365
2553
2562
2708
2765
2954
3070
3075
555
579
631
1101
1117
1142
1269
1279
1315
1444
2212
3636
3925
82
126
199
438
650
2388
2395
2736
2796
3015
3240
3696
3852
853
1612
3912
323
341
481
539
647
715
1304
1414
2841
50
625
646
671
749
966
1132
1171
1387
1417
4042
383
792
1341
1450
1467
3563
234
921
1070
1140
1293
1573
3203
387
1227
3589
3665
957
1492
2696
3920
3934
1654
1539
2251
4078
659
1278
1404
1608
1635
1186
572
790
1871
