0	0
1	0
2	0
11	0
12	0
13	0
16	0
22	0
28	0
33	0
35	0
39	0
41	0
42	0
43	0
49	0
53	0
55	0
58	0
59	0
65	0
66	0
79	0
81	0
84	0
86	0
87	0
88	0
89	0
91	0
93	0
96	0
98	0
102	0
108	0
115	0
120	0
124	0
126	0
131	0
132	0
138	0
140	0
143	0
144	0
147	0
149	0
152	0
154	0
156	0
157	0
160	0
161	0
164	0
165	0
166	0
169	0
172	0
173	0
178	0
182	0
187	0
188	0
190	0
193	0
194	0
196	0
197	0
198	0
202	0
203	0
204	0
207	0
209	0
211	0
212	0
219	0
221	0
224	0
226	0
227	0
228	0
237	0
239	0
240	0
241	0
244	0
249	0
250	0
251	0
257	0
264	0
269	0
271	0
279	0
283	0
284	0
286	0
291	0
303	0
304	0
308	0
310	0
311	0
315	0
316	0
321	0
322	0
325	0
326	0
328	0
339	0
340	0
341	0
347	0
351	0
360	0
366	0
370	0
373	0
374	0
378	0
381	0
386	0
387	0
397	0
399	0
405	0
406	0
410	0
413	0
414	0
417	0
419	0
420	0
423	0
426	0
431	0
432	0
433	0
434	0
438	0
439	0
443	0
444	0
446	0
447	0
449	0
450	0
452	0
453	0
455	0
459	0
463	0
464	0
471	0
472	0
474	0
475	0
480	0
482	0
483	0
484	0
491	0
494	0
501	0
503	0
508	0
510	0
515	0
517	0
519	0
521	0
522	0
524	0
528	0
529	0
535	0
539	0
540	0
541	0
544	0
555	0
556	0
563	0
568	0
569	0
575	0
576	0
577	0
578	0
579	0
581	0
583	0
584	0
592	0
593	0
595	0
603	0
608	0
609	0
612	0
614	0
615	0
617	0
618	0
623	0
624	0
625	0
626	0
627	0
629	0
635	0
637	0
641	0
643	0
645	0
646	0
647	0
648	0
650	0
651	0
654	0
666	0
670	0
672	0
679	0
682	0
686	0
688	0
693	0
697	0
699	0
700	0
701	0
708	0
709	0
715	0
717	0
718	0
723	0
727	0
730	0
737	0
741	0
746	0
752	0
755	0
758	0
759	0
768	0
770	0
771	0
775	0
780	0
784	0
787	0
792	0
793	0
794	0
800	0
803	0
806	0
807	0
808	0
812	0
814	0
815	0
818	0
821	0
822	0
824	0
826	0
827	0
829	0
830	0
832	0
835	0
836	0
841	0
842	0
845	0
849	0
851	0
852	0
854	0
857	0
864	0
871	0
872	0
875	0
876	0
880	0
882	0
888	0
889	0
890	0
893	0
894	0
895	0
904	0
907	0
909	0
910	0
916	0
917	0
922	0
923	0
924	0
931	0
933	0
936	0
938	0
939	0
943	0
946	0
949	0
952	0
953	0
955	0
960	0
967	0
969	0
971	0
973	0
975	0
976	0
978	0
983	0
987	0
990	0
992	0
1000	0
1001	0
1002	0
1005	0
1006	0
1009	0
1010	0
1016	0
1017	0
1018	0
1020	0
1026	1
1027	1
1029	1
1033	1
1036	1
1037	1
1040	1
1046	1
1048	1
1053	1
1054	1
1056	1
1065	1
1069	1
1070	1
1072	1
1076	1
1081	1
1085	1
1090	1
1092	1
1094	1
1097	1
1105	1
1107	1
1112	1
1117	1
1121	1
1122	1
1134	1
1136	1
1137	1
1138	1
1145	1
1154	1
1157	1
1158	1
1162	1
1164	1
1166	1
1175	1
1176	1
1180	1
1181	1
1183	1
1184	1
1186	1
1190	1
1194	1
1195	1
1196	1
1200	1
1205	1
1206	1
1207	1
1209	1
1210	1
1211	1
1212	1
1217	1
1218	1
1225	1
1228	1
1230	1
1233	1
1234	1
1236	1
1237	1
1240	1
1241	1
1245	1
1247	1
1252	1
1258	1
1272	1
1274	1
1278	1
1281	1
1284	1
1289	1
1290	1
1292	1
1294	1
1295	1
1297	1
1300	1
1302	1
1303	1
1306	1
1310	1
1312	1
1314	1
1316	1
1321	1
1323	1
1326	1
1328	1
1331	1
1332	1
1335	1
1336	1
1338	1
1340	1
1341	1
1343	1
1346	1
1352	1
1355	1
1356	1
1357	1
1362	1
1364	1
1377	1
1378	1
1382	1
1390	1
1397	1
1401	1
1407	1
1414	1
1415	1
1417	1
1422	1
1423	1
1430	1
1431	1
1440	1
1442	1
1443	1
1449	1
1450	1
1454	1
1456	1
1461	1
1466	1
1467	1
1469	1
1470	1
1474	1
1476	1
1477	1
1478	1
1485	1
1489	1
1495	1
1498	1
1506	1
1511	1
1515	1
1517	1
1521	1
1529	1
1532	1
1534	1
1535	1
1536	1
1537	1
1538	1
1554	1
1567	1
1572	1
1581	1
1582	1
1584	1
1593	1
1594	1
1595	1
1597	1
1599	1
1601	1
1605	1
1608	1
1610	1
1618	1
1632	1
1633	1
1637	1
1638	1
1651	1
1652	1
1654	1
1655	1
1657	1
1659	1
1660	1
1663	1
1669	1
1670	1
1671	1
1674	1
1676	1
1677	1
1681	1
1682	1
1683	1
1685	1
1687	1
1690	1
1691	1
1693	1
1697	1
1699	1
1700	1
1701	1
1704	1
1711	1
1719	1
1722	1
1729	1
1731	1
1737	1
1738	1
1741	1
1746	1
1748	1
1757	1
1759	1
1766	1
1769	1
1773	1
1774	1
1775	1
1776	1
1777	1
1781	1
1782	1
1783	1
1787	1
1788	1
1790	1
1799	1
1801	1
1803	1
1804	1
1808	1
1813	1
1821	1
1826	1
1827	1
1831	1
1833	1
1840	1
1843	1
1846	1
1848	1
1849	1
1850	1
1859	1
1861	1
1864	1
1866	1
1869	1
1870	1
1871	1
1874	1
1881	1
1883	1
1887	1
1890	1
1893	1
1898	1
1899	1
1901	1
1903	1
1904	1
1905	1
1908	1
1909	1
1910	1
1913	1
1917	1
1918	1
1924	1
1926	1
1931	1
1945	1
1946	1
1948	1
1949	1
1952	1
1955	1
1966	1
1969	1
1970	1
1973	1
1976	1
1981	1
1987	1
1989	1
1999	1
2006	1
2007	1
2009	1
2015	1
2018	1
2019	1
2024	1
2030	1
2033	1
2034	1
2035	1
2040	1
2047	1
2056	1
2057	1
2058	1
2060	1
2065	1
2067	2
2069	2
2077	2
2079	2
2080	2
2083	2
2086	2
2090	2
2092	2
2094	2
2095	2
2097	2
2100	2
2103	2
2105	2
2111	2
2114	2
2115	2
2121	2
2132	2
2133	2
2139	2
2144	2
2148	2
2156	2
2157	2
2158	2
2159	2
2162	2
2165	2
2167	2
2172	2
2173	2
2180	2
2181	2
2185	2
2186	2
2187	2
2190	2
2196	2
2198	2
2199	2
2203	2
2204	2
2206	2
2208	2
2209	2
2214	2
2216	2
2219	2
2223	2
2224	2
2227	2
2230	2
2232	2
2235	2
2238	2
2241	2
2245	2
2249	2
2250	2
2254	2
2257	2
2259	2
2261	2
2263	2
2266	2
2271	2
2277	2
2281	2
2284	2
2287	2
2293	2
2294	2
2297	2
2298	2
2299	2
2304	2
2309	2
2312	2
2318	2
2325	2
2329	2
2330	2
2337	2
2338	2
2340	2
2342	2
2344	2
2350	2
2351	2
2352	2
2353	2
2356	2
2357	2
2360	2
2361	2
2365	2
2368	2
2372	2
2373	2
2377	2
2379	2
2380	2
2382	2
2383	2
2391	2
2396	2
2398	2
2401	2
2402	2
2404	2
2410	2
2415	2
2418	2
2423	2
2426	2
2427	2
2431	2
2439	2
2442	2
2452	2
2453	2
2454	2
2457	2
2460	2
2462	2
2465	2
2469	2
2472	2
2473	2
2476	2
2479	2
2483	2
2484	2
2485	2
2490	2
2493	2
2495	2
2498	2
2500	2
2503	2
2506	2
2507	2
2516	2
2518	2
2522	2
2527	2
2532	2
2534	2
2535	2
2539	2
2541	2
2545	2
2550	2
2552	2
2553	2
2554	2
2555	2
2557	2
2559	2
2563	2
2566	2
2572	2
2573	2
2574	2
2576	2
2579	2
2582	2
2585	2
2588	2
2593	2
2597	2
2598	2
2608	2
2610	2
2611	2
2615	2
2617	2
2620	2
2623	2
2625	2
2627	2
2628	2
2629	2
2630	2
2634	2
2635	2
2636	2
2637	2
2640	2
2641	2
2643	2
2645	2
2646	2
2651	2
2652	2
2653	2
2661	2
2663	2
2667	2
2669	2
2671	2
2672	2
2679	2
2680	2
2684	2
2689	2
2694	2
2697	2
2700	2
2708	2
2711	2
2712	2
2714	2
2718	2
2732	2
2733	2
2736	2
2737	2
2740	2
2746	2
2747	2
2750	2
2752	2
2755	2
2758	2
2759	2
2760	2
2761	2
2762	2
2764	2
2765	2
2771	2
2773	2
2778	2
2779	2
2784	2
2785	2
2786	2
2789	2
2792	2
2797	2
2798	2
2799	2
2805	2
2806	2
2811	2
2812	2
2816	2
2819	2
2820	2
2825	2
2827	2
2831	2
2837	2
2840	2
2843	2
2844	2
2845	2
2849	2
2852	2
2853	2
2854	2
2855	2
2861	2
2863	2
2868	2
2870	2
2877	2
2879	2
2880	2
2881	2
2882	2
2888	2
2890	2
2892	2
2895	2
2897	2
2898	2
2899	2
2903	2
2909	2
2911	2
2912	2
2917	2
2918	2
2919	2
2923	2
2925	2
2926	2
2927	2
2929	2
2934	2
2937	2
2941	2
2942	2
2945	2
2949	2
2951	2
2958	2
2960	2
2961	2
2962	2
2965	2
2966	2
2974	2
2975	2
2976	2
2978	2
2980	2
2983	2
2989	2
3000	2
3003	2
3006	2
3010	2
3011	2
3012	2
3013	2
3018	2
3023	2
3024	2
3030	2
3036	2
3043	2
3048	2
3052	2
3053	2
3055	2
3062	2
3065	2
3074	2
3077	2
3083	2
3087	2
3089	2
3092	2
3095	2
3097	2
3103	2
3104	2
3106	2
3111	2
3112	2
3113	2
3114	2
3115	2
3119	2
3128	2
3140	3
3141	3
3144	3
3147	3
3151	3
3157	3
3164	3
3166	3
3167	3
3168	3
3171	3
3174	3
3178	3
3179	3
3180	3
3181	3
3182	3
3185	3
3189	3
3191	3
3192	3
3193	3
3194	3
3201	3
3203	3
3207	3
3212	3
3225	3
3232	3
3237	3
3239	3
3240	3
3242	3
3243	3
3244	3
3246	3
3248	3
3253	3
3255	3
3260	3
3265	3
3268	3
3271	3
3273	3
3274	3
3277	3
3280	3
3286	3
3290	3
3295	3
3296	3
3298	3
3301	3
3303	3
3304	3
3305	3
3308	3
3310	3
3311	3
3312	3
3315	3
3318	3
3319	3
3320	3
3327	3
3330	3
3332	3
3338	3
3339	3
3340	3
3346	3
3348	3
3349	3
3352	3
3355	3
3356	3
3360	3
3361	3
3365	3
3373	3
3377	3
3380	3
3385	3
3388	3
3393	3
3395	3
3398	3
3406	3
3408	3
3419	3
3421	3
3423	3
3424	3
3425	3
3426	3
3427	3
3428	3
3431	3
3435	3
3437	3
3439	3
3445	3
3449	3
3451	3
3457	3
3460	3
3461	3
3462	3
3463	3
3467	3
3468	3
3480	3
3484	3
3487	3
3489	3
3490	3
3494	3
3495	3
3500	3
3502	3
3504	3
3506	3
3513	3
3514	3
3519	3
3520	3
3523	3
3527	3
3528	3
3533	3
3536	3
3539	3
3540	3
3541	3
3547	3
3548	3
3553	3
3554	3
3560	3
3562	3
3566	3
3569	3
3570	3
3573	3
3575	3
3576	3
3577	3
3582	3
3583	3
3584	3
3586	3
3589	3
3600	3
3601	3
3603	3
3604	3
3605	3
3610	3
3613	3
3616	3
3621	3
3622	3
3628	3
3629	3
3642	3
3646	3
3647	3
3649	3
3652	3
3660	3
3661	3
3662	3
3663	3
3664	3
3670	3
3673	3
3674	3
3677	3
3679	3
3683	3
3690	3
3697	3
3702	3
3707	3
3709	3
3710	3
3711	3
3712	3
3713	3
3716	3
3717	3
3720	3
3726	3
3727	3
3732	3
3734	3
3736	3
3740	3
3741	3
3742	3
3743	3
3752	3
3757	3
3761	3
3763	3
3764	3
3765	3
3769	3
3773	3
3781	3
3785	3
3788	3
3791	3
3792	3
3796	3
3797	3
3799	3
3801	3
3802	3
3810	3
3812	3
3813	3
3815	3
3816	3
3817	3
3824	3
3826	3
3828	3
3834	3
3840	3
3846	3
3847	3
3849	3
3851	3
3852	3
3853	3
3854	3
3856	3
3859	3
3860	3
3862	3
3863	3
3864	3
3867	3
3869	3
3870	3
3871	3
3884	3
3887	3
3890	3
3898	3
3899	3
3907	3
3908	3
3909	3
3911	3
3917	3
3918	3
3920	3
3929	3
3930	3
3931	3
3933	3
3967	3
3979	3
3983	3
3989	3
3991	3
3992	3
3995	3
3997	3
4000	3
4009	3
4014	3
4016	3
4018	3
4019	3
4020	3
4025	3
4027	3
4029	3
4031	3
4036	3
4037	3
4042	3
4043	3
4045	3
4048	3
4050	3
4051	3
4052	3
4055	3
4059	3
4066	3
4070	3
4075	3
4078	3
4080	3
4081	3
4082	3
4083	3
4087	3
4090	3
4100	3
4107	3
4116	3
4119	3
4122	3
4123	3
4124	3
4125	3
4128	3
4129	3
4132	3
4135	3
4138	3
