898	4158	1
1114	4165	1
3596	4167	1
2270	4173	1
1723	4178	1
552	4180	1
756	4184	1
3701	4185	1
3596	4186	1
1172	4187	1
1505	4187	1
1473	4188	1
4062	4192	1
1791	4199	1
3886	4200	1
1522	4202	1
1524	4202	1
2515	4205	1
1725	4211	1
435	4213	1
1688	4220	1
1688	4225	1
1451	4229	1
3331	4229	1
3804	4229	1
659	4237	1
3470	4237	1
704	4241	1
4067	4243	1
2565	4248	1
4041	4249	1
4149	4249	1
3969	4250	1
898	4254	1
1375	4260	1
1556	4261	1
1064	4262	1
4004	4262	1
2220	4264	1
3432	4266	1
3636	4266	1
3645	4267	1
184	4269	1
763	4269	1
1296	4276	1
2673	4280	1
2986	4280	1
2999	4280	1
3082	4280	1
3060	4282	1
2220	4283	1
590	4285	1
2772	4287	1
3800	4289	1
2991	4290	1
231	4293	1
685	4293	1
273	4294	1
1564	4295	1
3233	4295	1
2240	4296	1
2279	4296	1
2279	4297	1
1978	4298	1
2885	4303	1
2885	4304	1
2885	4305	1
2885	4306	1
2239	4307	1
2240	4307	1
2279	4307	1
2279	4308	1
2596	4308	1
266	4310	1
570	4310	1
2386	4313	1
2488	4313	1
334	4314	1
736	4315	1
2023	4320	1
37	4321	1
1464	4329	1
2021	4329	1
2023	4329	1
2489	4336	1
3101	4336	1
878	4339	1
3351	4345	1
167	4346	1
2596	4352	1
3865	4353	1
736	4357	1
3750	4358	1
1270	4359	1
1055	4360	1
90	4361	1
353	4361	1
90	4362	1
353	4362	1
538	4362	1
940	4362	1
1855	4365	1
2136	4365	1
621	4367	1
371	4370	1
736	4370	1
886	4370	1
934	4370	1
1148	4370	1
1315	4370	1
1473	4370	1
1487	4370	1
1622	4370	1
1744	4370	1
1789	4370	1
619	4372	1
3032	4378	1
897	4379	1
552	4381	1
258	4384	1
1337	4384	1
1780	4387	1
2053	4398	1
2118	4398	1
1487	4399	1
1789	4399	1
3337	4401	1
1163	4403	1
1406	4405	1
1487	4412	1
1688	4414	1
1752	4414	1
469	4415	1
465	4418	1
1371	4419	1
1269	4420	1
4136	4422	1
573	4423	1
497	4425	1
1789	4428	1
1688	4430	1
1713	4430	1
1752	4430	1
1620	4434	1
273	4435	1
136	4443	1
860	4443	1
791	4445	1
3905	4445	1
2028	4446	1
1172	4450	1
1505	4450	1
78	4456	1
130	4456	1
557	4456	1
2053	4457	1
3596	4462	1
3963	4463	1
3254	4469	1
3653	4472	1
1386	4475	1
3861	4475	1
415	4478	1
1116	4483	1
1571	4487	1
1684	4487	1
1696	4487	1
1886	4487	1
2014	4487	1
1978	4488	1
898	4490	1
898	4491	1
1571	4493	1
1886	4493	1
1406	4494	1
2028	4497	1
1617	4498	1
2324	4499	1
4023	4502	1
4023	4503	1
3233	4504	1
3766	4506	1
3766	4507	1
772	4513	1
3638	4519	1
142	4524	1
200	4529	1
1762	4534	1
2492	4534	1
3888	4534	1
4085	4534	1
932	4535	1
136	4538	1
136	4539	1
633	4540	1
2804	4540	1
2916	4540	1
2955	4540	1
234	4541	1
588	4550	1
1780	4556	1
2916	4558	1
2955	4558	1
2916	4559	1
17	4562	1
1350	4567	1
1413	4567	1
703	4569	1
1220	4569	1
1288	4569	1
1395	4569	1
2278	4575	1
2278	4576	1
839	4578	1
17	4580	1
129	4580	1
134	4580	1
834	4580	1
588	4583	1
811	4584	1
789	4585	1
562	4586	1
1019	4588	1
1408	4589	1
1147	4590	1
1371	4590	1
656	4598	1
811	4598	1
1317	4601	1
2946	4603	1
1906	4605	1
4089	4605	1
4120	4605	1
1915	4606	1
1444	4608	1
4140	4608	1
1726	4610	1
4120	4614	1
4006	4617	1
282	4618	1
1742	4621	1
2341	4623	1
2578	4623	1
2704	4623	1
2769	4623	1
499	4624	1
457	4632	1
267	4633	1
9	4634	1
9	4635	1
174	4635	1
462	4636	1
273	4637	1
642	4637	1
1720	4640	1
1486	4641	1
1720	4641	1
1721	4641	1
1486	4642	1
1721	4642	1
903	4643	1
1150	4647	1
4149	4650	1
3843	4652	1
2068	4654	1
2791	4665	1
1203	4667	1
2072	4668	1
1447	4669	1
2385	4669	1
2525	4673	1
2143	4676	1
703	4683	1
1025	4683	1
1093	4683	1
1798	4683	1
2486	4698	1
3136	4706	1
1838	4707	1
2528	4714	1
2568	4714	1
3033	4719	1
2691	4720	1
2416	4723	1
117	4728	1
2147	4729	1
2725	4729	1
2726	4729	1
3050	4732	1
1025	4738	1
3625	4746	1
2822	4752	1
2660	4755	1
2731	4755	1
3317	4755	1
2568	4765	1
2794	4765	1
2795	4771	1
2884	4771	1
2096	4776	1
2096	4777	1
2096	4778	1
2096	4779	1
2096	4782	1
2096	4783	1
2096	4785	1
2096	4786	1
2096	4787	1
2096	4788	1
2096	4790	1
2096	4791	1
2096	4793	1
2096	4796	1
2096	4797	1
2096	4798	1
2096	4799	1
2096	4800	1
2101	4802	1
2384	4806	1
2605	4806	1
2265	4810	1
2349	4810	1
1147	4814	1
1251	4814	1
1311	4814	1
1317	4814	1
1371	4814	1
2101	4814	1
2596	4814	1
2858	4814	1
3060	4814	1
3731	4814	1
3782	4814	1
3888	4814	1
4073	4814	1
4085	4814	1
2102	4815	1
2102	4816	1
2102	4817	1
2102	4818	1
2542	4819	1
2839	4819	1
2936	4820	1
2936	4822	1
2104	4823	1
2104	4824	1
2501	4824	1
2106	4836	1
2118	4837	1
2568	4848	1
1460	4851	1
2341	4852	1
48	4853	1
2116	4853	1
2116	4857	1
48	4859	1
2213	4864	1
2117	4865	1
2117	4866	1
2907	4872	1
1482	4874	1
3516	4874	1
2123	4877	1
253	4880	1
1728	4880	1
2123	4884	1
2128	4888	1
2136	4893	1
2367	4893	1
2587	4893	1
2886	4893	1
3020	4893	1
3067	4893	1
2127	4894	1
2127	4895	1
2127	4896	1
2128	4897	1
2128	4898	1
2128	4899	1
1025	4901	1
1093	4901	1
3033	4908	1
2143	4910	1
2979	4910	1
2857	4911	1
2217	4912	1
2217	4913	1
2631	4913	1
1444	4923	1
3183	4923	1
4152	4923	1
2136	4924	1
2310	4925	1
2654	4925	1
2857	4925	1
2866	4925	1
2137	4926	1
2137	4927	1
2969	4928	1
1146	4932	1
2138	4933	1
2170	4935	1
2979	4939	1
3110	4940	1
2231	4945	1
2488	4958	1
2996	4959	1
2996	4960	1
2776	4961	1
2147	4962	1
2147	4963	1
2982	4963	1
3336	4972	1
2154	4973	1
3223	4977	1
3226	4977	1
3299	4977	1
3306	4977	1
3400	4977	1
3532	4977	1
3571	4977	1
3609	4977	1
4064	4977	1
4091	4977	1
4114	4977	1
4133	4977	1
2748	4979	1
2748	4980	1
2599	4995	1
3223	5002	1
3226	5002	1
3459	5002	1
3623	5002	1
2168	5008	1
3236	5009	1
4011	5009	1
4101	5009	1
1830	5011	1
2170	5011	1
3173	5013	1
3762	5013	1
2412	5017	1
2321	5018	1
2626	5020	1
2626	5021	1
2907	5021	1
970	5024	1
2221	5026	1
2371	5026	1
3117	5026	1
3125	5026	1
2542	5027	1
2621	5027	1
2794	5028	1
2544	5029	1
2176	5032	1
2176	5033	1
2753	5038	1
3703	5040	1
2886	5041	1
3263	5046	1
2184	5047	1
2184	5048	1
2449	5050	1
2769	5050	1
3117	5051	1
3275	5054	1
2624	5056	1
3681	5057	1
2210	5060	1
2459	5060	1
3981	5066	1
3291	5075	1
3724	5075	1
2268	5079	1
2269	5079	1
2429	5079	1
3039	5079	1
2886	5085	1
2205	5089	1
2205	5091	1
2205	5092	1
2920	5096	1
2012	5097	1
2920	5097	1
2540	5100	1
2207	5102	1
2210	5102	1
2207	5103	1
2603	5104	1
2604	5104	1
2213	5111	1
2213	5112	1
3681	5113	1
145	5114	1
2217	5119	1
2217	5120	1
2217	5121	1
2217	5122	1
2217	5123	1
2220	5128	1
2220	5129	1
2660	5130	1
3317	5130	1
2221	5131	1
2242	5131	1
2587	5132	1
2973	5132	1
3028	5132	1
2605	5133	1
3045	5135	1
1093	5142	1
3063	5144	1
3336	5144	1
3875	5144	1
2706	5145	1
2716	5149	1
2231	5155	1
1497	5156	1
1723	5170	1
1818	5170	1
3331	5170	1
3331	5171	1
2242	5173	1
2242	5174	1
2242	5175	1
2242	5176	1
1380	5178	1
2729	5178	1
1380	5182	1
2729	5182	1
2416	5184	1
3632	5185	1
2246	5187	1
2247	5187	1
2247	5189	1
2247	5190	1
3336	5198	1
3337	5198	1
3915	5198	1
2253	5201	1
2253	5202	1
3101	5204	1
2791	5206	1
2255	5207	1
2255	5208	1
3378	5208	1
2256	5209	1
2256	5210	1
2256	5211	1
2801	5213	1
2549	5216	1
3058	5217	1
3080	5217	1
2950	5218	1
2972	5221	1
2321	5224	1
2551	5225	1
2715	5226	1
3336	5227	1
3915	5229	1
2265	5236	1
2349	5236	1
3762	5236	1
2265	5237	1
2265	5238	1
2268	5239	1
2269	5239	1
2269	5240	1
1494	5241	1
1496	5241	1
702	5242	1
703	5242	1
866	5242	1
879	5242	1
1025	5242	1
1035	5242	1
1220	5242	1
1288	5242	1
1376	5242	1
1395	5242	1
703	5243	1
860	5243	1
866	5243	1
870	5243	1
1035	5243	1
1093	5243	1
1288	5243	1
1798	5243	1
1296	5245	1
2270	5246	1
146	5252	1
534	5252	1
1543	5252	1
2272	5252	1
2538	5254	1
2662	5254	1
2720	5254	1
2973	5256	1
3028	5256	1
2973	5257	1
3028	5257	1
2276	5259	1
2276	5260	1
2656	5260	1
2988	5261	1
1424	5262	1
2363	5262	1
2743	5262	1
2988	5262	1
2278	5264	1
2950	5266	1
2322	5267	1
2279	5268	1
2279	5269	1
2279	5270	1
2429	5286	1
3039	5286	1
2291	5294	1
2291	5295	1
2295	5296	1
2295	5297	1
2295	5298	1
3957	5302	1
1941	5305	1
3040	5305	1
2322	5327	1
2310	5337	1
2310	5338	1
2915	5345	1
2993	5345	1
2995	5345	1
1224	5347	1
2049	5347	1
3501	5347	1
3645	5347	1
2986	5349	1
3082	5349	1
2614	5351	1
2321	5352	1
2321	5353	1
2321	5354	1
2322	5355	1
2834	5356	1
3525	5360	1
2324	5361	1
2324	5362	1
2324	5363	1
3190	5363	1
2328	5368	1
2693	5381	1
266	5382	1
2972	5382	1
1971	5384	1
2339	5384	1
2631	5384	1
3775	5388	1
2336	5390	1
1468	5391	1
2339	5396	1
2346	5407	1
2346	5408	1
2878	5408	1
2348	5411	1
2348	5412	1
601	5414	1
767	5414	1
2605	5420	1
2354	5421	1
2354	5422	1
2354	5423	1
2355	5424	1
2355	5425	1
2355	5426	1
1246	5427	1
1248	5427	1
3459	5431	1
2370	5444	1
2370	5445	1
3915	5445	1
1214	5446	1
1220	5446	1
1089	5456	1
2363	5457	1
2363	5458	1
2743	5458	1
2363	5459	1
2367	5463	1
2370	5469	1
2052	5470	1
2371	5471	1
2371	5472	1
3905	5478	1
3905	5479	1
2449	5487	1
2384	5497	1
2385	5498	1
2385	5499	1
2756	5499	1
2386	5500	1
2386	5501	1
2386	5502	1
2386	5503	1
2727	5504	1
2728	5504	1
2817	5504	1
2578	5505	1
2387	5507	1
2515	5507	1
2387	5508	1
2387	5509	1
2794	5512	1
2390	5513	1
2390	5514	1
2390	5515	1
2392	5516	1
3442	5516	1
2392	5517	1
2400	5525	1
2520	5527	1
2521	5527	1
3469	5531	1
2406	5535	1
2406	5536	1
2406	5537	1
2512	5537	1
2406	5538	1
2406	5539	1
2413	5548	1
2413	5549	1
2413	5550	1
4012	5552	1
4026	5552	1
932	5554	1
3638	5554	1
2417	5555	1
379	5558	1
2751	5561	1
2850	5564	1
2429	5576	1
3039	5576	1
2429	5577	1
2429	5578	1
2478	5582	1
266	5594	1
2551	5594	1
421	5602	1
789	5603	1
1102	5604	1
1889	5604	1
3521	5607	1
3521	5608	1
4053	5608	1
1146	5609	1
1146	5610	1
3965	5611	1
2446	5617	1
2446	5618	1
2459	5635	1
1993	5651	1
2947	5651	1
557	5659	1
1416	5659	1
1648	5659	1
2474	5662	1
2475	5664	1
2478	5667	1
696	5668	1
918	5668	1
3455	5670	1
3458	5670	1
3459	5670	1
2482	5673	1
2482	5674	1
2621	5674	1
2656	5682	1
2486	5684	1
2486	5685	1
2486	5686	1
2489	5687	1
2492	5693	1
2492	5694	1
1322	5695	1
1155	5696	1
1317	5696	1
1409	5696	1
1615	5696	1
2698	5696	1
1740	5698	1
1203	5699	1
2757	5710	1
2505	5714	1
2509	5718	1
2022	5720	1
2509	5721	1
3557	5722	1
2511	5725	1
2511	5726	1
2512	5727	1
2512	5728	1
2512	5729	1
2512	5730	1
2515	5731	1
206	5734	1
289	5734	1
611	5734	1
2521	5744	1
4152	5752	1
1444	5753	1
2012	5755	1
2012	5756	1
2526	5757	1
2531	5759	1
2531	5760	1
497	5762	1
2662	5765	1
2540	5770	1
2540	5771	1
2540	5772	1
2631	5774	1
2544	5775	1
3236	5777	1
2549	5783	1
2549	5784	1
3609	5786	1
2551	5787	1
2560	5804	1
2560	5805	1
3109	5807	1
2565	5810	1
1550	5811	1
2036	5811	1
2565	5811	1
3040	5811	1
3442	5813	1
2568	5815	1
2568	5816	1
2696	5817	1
1246	5822	1
1248	5822	1
2578	5826	1
2578	5827	1
1639	5839	1
1763	5839	1
2591	5840	1
2591	5841	1
2591	5842	1
1394	5844	1
2884	5846	1
2596	5848	1
3638	5850	1
489	5851	1
884	5851	1
3638	5851	1
2599	5853	1
2972	5854	1
2605	5865	1
2605	5866	1
2605	5867	1
1025	5869	1
2614	5875	1
2618	5877	1
2621	5878	1
2626	5883	1
2626	5884	1
2631	5890	1
2631	5891	1
2631	5892	1
2631	5893	1
2631	5894	1
2631	5895	1
2633	5899	1
2756	5907	1
1100	5908	1
26	5913	1
1116	5914	1
2642	5922	1
1231	5923	1
2642	5923	1
1231	5924	1
2642	5924	1
2791	5925	1
2647	5930	1
1173	5931	1
1322	5931	1
2647	5931	1
2654	5935	1
2654	5936	1
2857	5936	1
2866	5936	1
2821	5937	1
3775	5939	1
2659	5941	1
1214	5942	1
1220	5942	1
1288	5942	1
1395	5942	1
1408	5942	1
2660	5943	1
2660	5944	1
2731	5944	1
2664	5949	1
2682	5964	1
2682	5965	1
2682	5966	1
2686	5976	1
2693	5982	1
2691	5983	1
2696	5985	1
970	5987	1
206	5988	1
705	5988	1
881	5988	1
970	5988	1
2698	5989	1
2704	6005	1
2704	6006	1
2704	6007	1
2704	6008	1
2991	6008	1
2706	6010	1
2715	6017	1
2717	6018	1
2717	6019	1
2720	6022	1
2721	6023	1
3086	6023	1
142	6024	1
2725	6028	1
2726	6028	1
2726	6029	1
3772	6041	1
1077	6042	1
2745	6043	1
2748	6049	1
1841	6058	1
1879	6058	1
2772	6065	1
2900	6065	1
2776	6072	1
533	6079	1
711	6085	1
1249	6085	1
1706	6085	1
1550	6087	1
2036	6087	1
2794	6094	1
2795	6095	1
2804	6105	1
2807	6110	1
2817	6118	1
2822	6121	1
2823	6122	1
2834	6124	1
1791	6133	1
2832	6133	1
3291	6135	1
711	6136	1
1732	6137	1
1732	6138	1
2832	6140	1
1791	6141	1
2832	6141	1
2833	6142	1
2988	6143	1
2839	6144	1
3731	6153	1
3782	6153	1
2846	6155	1
1173	6158	1
1723	6167	1
545	6171	1
765	6171	1
350	6177	1
355	6177	1
1445	6178	1
1825	6178	1
3221	6178	1
1445	6179	1
1825	6179	1
3221	6179	1
258	6180	1
430	6180	1
557	6180	1
674	6180	1
732	6180	1
739	6180	1
744	6180	1
870	6180	1
1337	6180	1
1445	6180	1
1648	6180	1
1698	6180	1
1825	6180	1
3221	6180	1
2857	6181	1
2857	6182	1
2858	6183	1
1497	6188	1
2866	6190	1
2988	6190	1
2869	6191	1
2869	6192	1
1087	6197	1
2878	6205	1
2878	6206	1
2878	6207	1
2878	6208	1
1740	6218	1
2886	6219	1
394	6225	1
398	6225	1
518	6225	1
2889	6226	1
2889	6227	1
2979	6232	1
2979	6233	1
3060	6243	1
2901	6250	1
2901	6251	1
2968	6252	1
1251	6255	1
2907	6260	1
2908	6261	1
2908	6262	1
2908	6263	1
2908	6264	1
2908	6265	1
1147	6271	1
1371	6271	1
1475	6271	1
3731	6271	1
3782	6271	1
3843	6271	1
3888	6271	1
4073	6271	1
2956	6277	1
2915	6284	1
2920	6288	1
1829	6295	1
1742	6300	1
1472	6303	1
1805	6303	1
3096	6310	1
3096	6311	1
3096	6312	1
2936	6313	1
2936	6314	1
3080	6315	1
3098	6320	1
2946	6326	1
2946	6327	1
970	6330	1
2947	6331	1
1993	6332	1
2947	6332	1
4085	6334	1
3888	6335	1
4085	6335	1
1473	6340	1
2956	6340	1
2956	6341	1
3045	6351	1
3045	6352	1
3465	6353	1
2968	6363	1
2969	6364	1
2969	6365	1
2972	6369	1
2982	6382	1
2984	6384	1
2986	6386	1
2991	6392	1
2993	6395	1
2995	6397	1
2995	6398	1
2996	6399	1
2996	6400	1
2999	6402	1
2999	6403	1
1941	6415	1
3040	6415	1
3016	6427	1
3050	6430	1
3110	6431	1
3020	6432	1
3067	6432	1
3063	6439	1
3039	6449	1
3700	6450	1
3839	6450	1
3045	6451	1
1552	6452	1
3125	6453	1
3050	6456	1
3050	6457	1
3050	6458	1
3058	6467	1
3063	6472	1
3067	6479	1
3067	6480	1
1147	6483	1
1371	6483	1
1735	6493	1
1971	6493	1
3080	6497	1
3086	6501	1
3233	6505	1
3465	6505	1
1841	6508	1
1639	6510	1
1763	6510	1
1475	6513	1
4073	6513	1
3109	6523	1
3109	6524	1
3121	6536	1
3126	6543	1
3126	6544	1
3126	6545	1
1527	6548	1
523	6554	1
565	6557	1
562	6562	1
267	6564	1
159	6565	1
1500	6566	1
21	6567	1
213	6568	1
1242	6577	1
1549	6578	1
4088	6581	1
1736	6585	1
1253	6587	1
3627	6589	1
3819	6589	1
3627	6590	1
3928	6590	1
3266	6591	1
3374	6591	1
3963	6593	1
4084	6593	1
3963	6594	1
4084	6594	1
897	6601	1
3397	6605	1
3753	6605	1
1025	6607	1
3155	6608	1
3357	6610	1
3777	6611	1
3503	6612	1
3392	6613	1
3807	6614	1
3868	6614	1
3525	6616	1
3776	6616	1
4121	6616	1
3381	6618	1
3996	6620	1
3241	6621	1
1425	6623	1
3233	6623	1
3465	6623	1
3940	6623	1
4136	6623	1
3455	6625	1
3963	6626	1
3263	6630	1
3281	6633	1
3545	6633	1
3990	6633	1
3936	6636	1
2049	6637	1
195	6640	1
3336	6641	1
3497	6641	1
3565	6641	1
3275	6643	1
797	6647	1
3351	6647	1
3503	6647	1
3738	6647	1
3774	6647	1
3241	6648	1
3549	6654	1
3368	6655	1
3368	6657	1
3574	6659	1
3543	6668	1
4115	6669	1
4115	6670	1
3996	6671	1
3501	6673	1
3645	6673	1
3597	6674	1
3681	6677	1
3597	6683	1
3552	6684	1
3195	6685	1
3552	6687	1
3552	6688	1
3960	6690	1
3165	6691	1
3218	6691	1
3973	6691	1
4142	6691	1
4146	6691	1
3368	6694	1
4152	6696	1
3565	6700	1
334	6701	1
3572	6702	1
4091	6703	1
3965	6706	1
3275	6708	1
3275	6709	1
3205	6712	1
4109	6722	1
3939	6725	1
3963	6730	1
4084	6730	1
3154	6736	1
3686	6739	1
231	6740	1
60	6743	1
3901	6747	1
3210	6749	1
129	6753	1
134	6753	1
331	6753	1
675	6756	1
3750	6757	1
462	6765	1
393	6767	1
344	6772	1
3250	6773	1
301	6774	1
238	6777	1
760	6788	1
963	6789	1
242	6791	1
687	6791	1
248	6792	1
1385	6793	1
1118	6794	1
1409	6796	1
80	6799	1
313	6803	1
21	6805	1
148	6812	1
1178	6812	1
29	6813	1
1522	6816	1
3819	6822	1
3195	6823	1
1150	6828	1
3868	6829	1
834	6832	1
1347	6835	1
1441	6835	1
106	6838	1
911	6839	1
1058	6840	1
961	6841	1
839	6845	1
371	6848	1
457	6848	1
1587	6848	1
1620	6848	1
1622	6848	1
1628	6848	1
3843	6848	1
220	6849	1
350	6849	1
606	6849	1
220	6850	1
545	6850	1
606	6850	1
765	6850	1
1061	6850	1
3730	6850	1
159	6851	1
278	6851	1
573	6854	1
238	6855	1
789	6856	1
365	6857	1
151	6858	1
365	6858	1
1032	6858	1
307	6860	1
724	6860	1
996	6862	1
1493	6862	1
20	6863	1
20	6864	1
20	6865	1
3639	6866	1
589	6867	1
1882	6868	1
106	6869	1
3	6870	1
112	6871	1
225	6872	1
671	6872	1
2062	6872	1
225	6873	1
671	6873	1
2062	6873	1
231	6874	1
3250	6875	1
561	6876	1
174	6877	1
3472	6878	1
3981	6881	1
142	6886	1
1552	6887	1
1552	6888	1
270	6889	1
110	6891	1
776	6891	1
394	6892	1
99	6893	1
254	6893	1
1958	6894	1
1960	6894	1
362	6899	1
573	6899	1
620	6899	1
427	6901	1
847	6901	1
3938	6902	1
457	6904	1
791	6904	1
1622	6904	1
299	6905	1
602	6905	1
23	6906	1
80	6909	1
167	6909	1
502	6909	1
505	6909	1
602	6909	1
1007	6910	1
1007	6911	1
200	6912	1
561	6912	1
247	6914	1
498	6915	1
589	6915	1
789	6925	1
365	6932	1
411	6934	1
460	6935	1
589	6936	1
451	6937	1
1351	6937	1
1935	6937	1
487	6939	1
791	6941	1
3819	6948	1
3868	6951	1
3730	6952	1
3985	6954	1
1150	6955	1
371	6958	1
457	6958	1
1376	6958	1
1482	6958	1
1622	6958	1
1713	6958	1
1730	6958	1
1740	6958	1
3730	6959	1
606	6960	1
338	6961	1
371	6962	1
383	6965	1
925	6965	1
3730	6968	1
393	6970	1
1752	6972	1
3266	6974	1
282	6979	1
1607	6982	1
1259	6983	1
1588	6983	1
1607	6983	1
4072	6983	1
831	6984	1
766	6985	1
739	6988	1
1086	6988	1
1424	6988	1
1735	6988	1
1971	6988	1
1424	6989	1
791	6990	1
620	6991	1
621	6991	1
3195	6992	1
3436	6996	1
3928	6997	1
3987	6997	1
1350	6999	1
1413	6999	1
1350	7000	1
123	7003	1
1152	7003	1
3598	7007	1
3648	7007	1
3985	7008	1
1438	7009	1
1501	7009	1
934	7010	1
3153	7012	1
3177	7013	1
833	7024	1
1882	7026	1
61	7027	1
1493	7027	1
61	7029	1
996	7029	1
1087	7029	1
1088	7029	1
1520	7029	1
1569	7029	1
1592	7029	1
1873	7029	1
1569	7030	1
1592	7030	1
1742	7031	1
99	7033	1
168	7034	1
565	7034	1
565	7036	1
820	7036	1
833	7036	1
565	7037	1
820	7037	1
833	7037	1
150	7038	1
342	7038	1
389	7038	1
1426	7038	1
1244	7039	1
262	7040	1
1244	7040	1
3703	7044	1
3701	7046	1
142	7048	1
208	7051	1
705	7051	1
756	7051	1
760	7051	1
783	7051	1
3433	7051	1
3891	7051	1
3916	7051	1
208	7053	1
705	7053	1
208	7054	1
117	7055	1
1172	7059	1
424	7060	1
1155	7061	1
1086	7062	1
1249	7063	1
1740	7064	1
258	7065	1
258	7066	1
1760	7067	1
1409	7068	1
1409	7069	1
1409	7070	1
4121	7071	1
1762	7074	1
4073	7075	1
879	7077	1
732	7081	1
1418	7082	1
4065	7082	1
1269	7083	1
1780	7083	1
3233	7084	1
1386	7085	1
362	7089	1
3639	7091	1
621	7092	1
828	7093	1
661	7094	1
1896	7097	1
1897	7097	1
1817	7098	1
409	7100	1
704	7100	1
26	7102	1
130	7108	1
557	7108	1
129	7110	1
134	7110	1
557	7110	1
4142	7113	1
532	7120	1
1525	7121	1
1865	7121	1
1865	7122	1
331	7128	1
1525	7130	1
1552	7130	1
3778	7134	1
3778	7135	1
3778	7136	1
1957	7138	1
3648	7139	1
3957	7141	1
1147	7142	1
1725	7142	1
3731	7142	1
3843	7142	1
4053	7142	1
3407	7147	1
3848	7148	1
3850	7148	1
4047	7148	1
3919	7154	1
1500	7155	1
1500	7156	1
1617	7157	1
1617	7158	1
3877	7158	1
1124	7159	1
1845	7160	1
1386	7161	1
1566	7161	1
1845	7161	1
3861	7165	1
3865	7165	1
3866	7165	1
1556	7166	1
4140	7168	1
1873	7170	1
3516	7171	1
1486	7173	1
1615	7175	1
1550	7176	1
1566	7177	1
1418	7178	1
4065	7178	1
3865	7194	1
3866	7194	1
1360	7196	1
3469	7197	1
3475	7197	1
3811	7202	1
1050	7204	1
1481	7204	1
1375	7207	1
1817	7210	1
1838	7212	1
1253	7213	1
1253	7214	1
833	7216	1
1664	7219	1
2022	7221	1
1187	7224	1
1187	7225	1
3432	7232	1
38	7243	1
145	7243	1
4106	7248	1
518	7251	1
1710	7258	1
2049	7262	1
1717	7265	1
1922	7265	1
605	7267	1
1455	7268	1
424	7274	1
246	7278	1
1564	7280	1
1730	7280	1
1460	7281	1
870	7283	1
1311	7283	1
1798	7283	1
1007	7284	1
3940	7285	1
4053	7285	1
1425	7286	1
1725	7286	1
3233	7286	1
3940	7286	1
4053	7286	1
1425	7288	1
3653	7292	1
1475	7297	1
3731	7297	1
3782	7297	1
3843	7297	1
3888	7297	1
4073	7297	1
1807	7298	1
1147	7300	1
1371	7300	1
3731	7300	1
4053	7305	1
3465	7307	1
1988	7314	1
3475	7315	1
3475	7317	1
4084	7332	1
4115	7334	1
1235	7338	1
1928	7338	1
3756	7344	1
588	7346	1
357	7349	1
1118	7350	1
272	7351	1
318	7353	1
3138	7356	1
253	7357	1
6	7358	1
145	7358	1
1455	7361	1
1050	7362	1
1481	7362	1
1481	7363	1
1524	7365	1
1524	7366	1
1524	7367	1
1549	7371	1
1649	7371	1
1650	7371	1
1649	7376	1
1650	7376	1
1549	7377	1
1649	7377	1
1650	7377	1
1549	7378	1
1649	7378	1
1650	7378	1
3724	7379	1
2051	7380	1
756	7382	1
1084	7395	1
1550	7399	1
1978	7401	1
1978	7403	1
1587	7406	1
1684	7406	1
3848	7410	1
3383	7413	1
3994	7416	1
4012	7428	1
3581	7431	1
3838	7431	1
3724	7433	1
3198	7436	1
3205	7436	1
3571	7439	1
4006	7443	1
1656	7444	1
2028	7448	1
1152	7449	1
3971	7450	1
566	7454	1
3891	7459	1
996	7460	1
996	7461	1
996	7462	1
1569	7462	1
1592	7462	1
996	7463	1
1631	7464	1
1455	7468	1
696	7471	1
918	7471	1
874	7473	1
3839	7474	1
834	7476	1
551	7477	1
834	7479	1
394	7485	1
398	7485	1
532	7487	1
1957	7488	1
3936	7492	1
238	7494	1
412	7495	1
3465	7497	1
3289	7501	1
1588	7502	1
25	7504	1
553	7504	1
703	7504	1
669	7505	1
3877	7510	1
702	7511	1
1425	7514	1
499	7517	1
1147	7518	1
1530	7519	1
1895	7519	1
1530	7520	1
1895	7520	1
3254	7522	1
3901	7526	1
1602	7529	1
1713	7529	1
3470	7531	1
1061	7534	1
1376	7534	1
1508	7534	1
1587	7534	1
1620	7534	1
1732	7538	1
1564	7540	1
1730	7540	1
772	7545	1
860	7546	1
1564	7548	1
4062	7548	1
3473	7549	1
751	7551	1
411	7552	1
1376	7558	1
1482	7558	1
1622	7559	1
4136	7560	1
3947	7563	1
1035	7564	1
208	7567	1
333	7568	1
695	7568	1
441	7569	1
935	7571	1
122	7574	1
141	7574	1
516	7576	1
289	7577	1
1106	7579	1
1034	7582	1
25	7585	1
3289	7586	1
3750	7597	1
516	7598	1
4023	7599	1
3557	7600	1
3653	7602	1
4073	7605	1
725	7607	1
562	7611	1
1649	7614	1
1650	7614	1
1688	7616	1
1347	7620	1
1713	7620	1
1106	7622	1
260	7623	1
1649	7627	1
1650	7627	1
3699	7630	1
1464	7631	1
1743	7632	1
1497	7633	1
1649	7639	1
1527	7641	1
1656	7641	1
1786	7641	1
1242	7643	1
1631	7643	1
3512	7645	1
1527	7648	1
1786	7648	1
1780	7650	1
1656	7651	1
1061	7652	1
1508	7652	1
364	7654	1
1491	7655	1
1491	7656	1
1438	7660	1
3250	7666	1
234	7678	1
234	7679	1
3351	7680	1
1406	7682	1
85	7690	1
80	7693	1
80	7694	1
611	7695	1
561	7698	1
523	7699	1
3326	7702	1
477	7703	1
561	7703	1
1021	7703	1
234	7704	1
911	7706	1
477	7710	1
477	7711	1
1021	7711	1
934	7716	1
1416	7718	1
242	7721	1
1021	7722	1
523	7724	1
411	7728	1
1223	7728	1
246	7729	1
551	7735	1
498	7736	1
1488	7737	1
1494	7739	1
505	7746	1
498	7747	1
38	7748	1
1264	7749	1
1578	7749	1
1957	7751	1
350	7754	1
469	7754	1
674	7754	1
736	7754	1
1393	7754	1
1698	7754	1
342	7755	1
389	7755	1
2021	7757	1
2021	7758	1
469	7761	1
1315	7761	1
1384	7762	1
489	7763	1
1376	7763	1
1213	7764	1
2023	7764	1
1418	7765	1
4065	7765	1
318	7766	1
4062	7769	1
1706	7770	1
1416	7772	1
762	7777	1
1064	7777	1
3776	7777	1
3980	7777	1
4004	7777	1
4079	7777	1
3381	7779	1
744	7783	1
3942	7784	1
287	7787	1
498	7789	1
502	7789	1
585	7789	1
585	7790	1
3901	7792	1
3136	7795	1
1088	7796	1
1520	7796	1
3392	7800	1
1494	7801	1
1496	7801	1
765	7802	1
3374	7803	1
1545	7804	1
1972	7805	1
1351	7806	1
1370	7807	1
1951	7808	1
1106	7809	1
1428	7809	1
1019	7812	1
134	7822	1
903	7825	1
262	7827	1
935	7828	1
234	7829	1
562	7834	1
869	7834	1
925	7835	1
451	7836	1
538	7837	1
940	7837	1
4120	7837	1
90	7838	1
400	7839	1
400	7840	1
795	7841	1
1963	7842	1
313	7844	1
314	7844	1
2023	7845	1
2023	7846	1
2023	7847	1
4120	7852	1
897	7853	1
739	7860	1
1648	7860	1
589	7862	1
205	7871	1
754	7871	1
3200	7872	1
3200	7873	1
668	7875	1
3818	7875	1
247	7876	1
605	7877	1
562	7878	1
566	7884	1
1088	7887	1
1520	7887	1
766	7888	1
1951	7890	1
1972	7890	1
1995	7890	1
3836	7897	1
589	7901	1
562	7905	1
562	7906	1
562	7907	1
498	7909	1
903	7910	1
3700	7911	1
1019	7912	1
99	7917	1
242	7918	1
903	7921	1
4089	7923	1
4120	7923	1
205	7926	1
1493	7928	1
566	7929	1
243	7931	1
3938	7933	1
6	7934	1
110	7934	1
611	7934	1
254	7935	1
3756	7937	1
3756	7938	1
751	7940	1
3886	7945	1
3947	7945	1
1527	7946	1
1786	7946	1
1806	7947	1
51	7949	1
51	7950	1
51	7951	1
114	7953	1
85	7954	1
272	7954	1
961	7966	1
114	7967	1
427	7971	1
724	7976	1
506	7979	1
4067	7986	1
350	7987	1
451	7987	1
167	7988	1
585	7996	1
869	8003	1
29	8005	1
869	8008	1
3387	8013	1
674	8014	1
1698	8014	1
29	8016	1
760	8020	1
751	8022	1
110	8030	1
533	8030	1
1067	8031	1
1235	8031	1
1928	8031	1
1855	8033	1
1865	8033	1
1446	8034	1
3	8038	1
1922	8041	1
1717	8042	1
1922	8042	1
1264	8048	1
533	8053	1
776	8053	1
3472	8054	1
506	8056	1
2021	8064	1
3839	8066	1
38	8068	1
874	8068	1
1079	8068	1
122	8070	1
29	8074	1
37	8074	1
1007	8080	1
1408	8082	1
3190	8085	1
1064	8086	1
2052	8086	1
1486	8093	1
4101	8098	1
1066	8101	1
3199	8101	1
3358	8103	1
1847	8106	1
3699	8115	1
3407	8120	1
1667	8124	1
1728	8126	1
1728	8127	1
3699	8129	1
4067	8132	1
3699	8134	1
1066	8138	1
1370	8143	1
3173	8144	1
3173	8145	1
3762	8145	1
3762	8146	1
99	8150	1
1101	8151	1
1885	8151	1
1446	8155	1
1392	8156	1
3552	8158	1
3572	8160	1
3368	8163	1
103	8170	1
104	8170	1
141	8170	1
145	8170	1
146	8170	1
534	8170	1
816	8170	1
611	8172	1
986	8178	1
970	8181	1
6	8183	1
896	8183	1
986	8184	1
248	8186	1
506	8186	1
289	8193	1
289	8194	1
159	8195	1
6	8200	1
896	8200	1
4120	8203	1
4120	8204	1
999	8206	1
797	8207	1
986	8211	1
986	8212	1
986	8213	1
986	8214	1
986	8215	1
243	8216	1
243	8218	1
878	8220	1
914	8220	1
3138	8224	1
963	8226	1
3205	8229	1
4091	8229	1
1744	8233	1
3159	8234	1
3160	8234	1
3159	8235	1
3160	8235	1
3159	8236	1
1064	8239	1
4004	8239	1
1064	8240	1
4004	8240	1
231	8246	1
299	8246	1
1873	8250	1
3532	8252	1
3609	8252	1
73	8253	1
874	8253	1
1012	8253	1
3938	8254	1
25	8257	1
669	8257	1
3173	8258	1
3762	8260	1
3218	8265	1
3973	8265	1
4142	8265	1
4146	8265	1
3753	8266	1
3901	8268	1
3901	8269	1
3281	8274	1
3389	8274	1
3407	8274	1
3415	8274	1
3472	8274	1
3545	8274	1
3990	8274	1
223	8277	1
225	8277	1
543	8277	1
656	8277	1
671	8277	1
1391	8277	1
1847	8277	1
25	8285	1
878	8285	1
590	8287	1
3782	8288	1
1667	8289	1
1736	8289	1
1384	8290	1
1667	8290	1
1736	8290	1
726	8293	1
1406	8294	1
253	8298	1
669	8299	1
797	8301	1
760	8306	1
1841	8308	1
3512	8311	1
3655	8311	1
4011	8311	1
4101	8311	1
3284	8313	1
3284	8315	1
3383	8321	1
3215	8322	1
860	8325	1
831	8329	1
73	8330	1
334	8330	1
881	8330	1
3400	8331	1
270	8332	1
338	8334	1
1613	8335	1
1710	8335	1
1264	8336	1
1064	8343	1
3306	8343	1
3549	8343	1
4133	8344	1
3254	8345	1
3430	8345	1
3455	8346	1
3458	8346	1
3459	8346	1
3623	8346	1
3655	8346	1
4109	8346	1
4047	8348	1
168	8352	1
862	8352	1
1384	8352	1
73	8359	1
788	8359	1
3936	8360	1
465	8365	1
553	8365	1
642	8366	1
3465	8376	1
3886	8377	1
3947	8377	1
1178	8383	1
762	8386	1
763	8386	1
3980	8386	1
415	8389	1
1391	8390	1
911	8391	1
141	8396	1
248	8397	1
506	8397	1
912	8397	1
4067	8399	1
557	8400	1
26	8402	1
4111	8406	1
3525	8407	1
3703	8409	1
4106	8410	1
3738	8412	1
3774	8412	1
3772	8419	1
1259	8420	1
4072	8420	1
3901	8424	1
225	8426	1
3804	8427	1
3804	8428	1
3383	8429	1
1337	8433	1
696	8435	1
1818	8437	1
3901	8439	1
1393	8440	1
3850	8443	1
3850	8444	1
1296	8445	1
1035	8446	1
3947	8446	1
4011	8453	1
869	8458	1
3886	8459	1
3973	8460	1
4142	8460	1
4146	8460	1
3965	8461	1
3994	8462	1
4067	8462	1
3177	8463	1
3987	8463	1
3574	8469	1
754	8480	1
230	8483	1
465	8490	1
811	8491	1
389	8492	1
878	8492	1
168	8495	1
248	8495	1
168	8496	1
3957	8498	1
3766	8499	1
4148	8506	1
3938	8509	1
1077	8510	1
4072	8512	1
3965	8515	1
1988	8517	1
1433	8518	1
1935	8519	1
1428	8520	1
1433	8525	1
2028	8529	1
3472	8532	1
3790	8535	1
3414	8541	1
3777	8543	1
3766	8544	1
3516	8549	1
1963	8556	1
970	8558	1
1393	8559	1
3389	8560	1
3838	8567	1
3407	8568	1
3410	8569	1
3414	8569	1
3725	8569	1
3632	8571	1
1613	8572	1
3973	8575	1
3154	8577	1
3407	8578	1
3996	8581	1
3987	8582	1
3996	8582	1
3990	8589	1
3921	8590	1
3921	8591	1
1066	8594	1
3199	8594	1
357	8597	1
21	8598	1
586	8599	1
669	8600	1
3190	8603	1
1152	8609	1
3175	8614	1
3671	8621	1
3671	8624	1
1055	8626	1
3526	8627	1
3526	8628	1
278	8633	1
1451	8635	1
3875	8635	1
1238	8640	1
26	8641	1
26	8642	1
287	8643	1
314	8643	1
103	8648	1
1915	8648	1
3811	8655	1
505	8661	1
772	8664	1
1012	8664	1
1817	8667	1
1242	8669	1
1667	8672	1
586	8675	1
1726	8679	1
2062	8682	1
553	8684	1
1370	8686	1
1763	8687	1
1491	8688	1
2022	8689	1
1412	8690	1
675	8691	1
1405	8691	1
1412	8691	1
1412	8692	1
3387	8693	1
839	8694	1
208	8699	1
106	8703	1
3196	8704	1
3432	8705	1
3636	8706	1
4106	8708	1
1102	8711	1
1889	8711	1
1102	8712	1
1889	8712	1
3818	8714	1
2026	8715	1
898	8719	1
338	8722	1
1829	8728	1
3811	8729	1
886	8730	1
1148	8730	1
1148	8731	1
3516	8733	1
1744	8737	1
3289	8738	1
1475	8741	1
1224	8749	1
3795	8750	1
180	8752	1
1012	8752	1
1079	8755	1
1391	8758	1
1494	8759	1
3472	8763	1
266	8764	1
898	8764	1
1562	8765	1
1933	8765	1
3839	8766	1
3217	8770	1
820	8777	1
167	8782	1
574	8784	1
394	8792	1
398	8792	1
159	8793	1
1602	8794	1
1713	8794	1
1752	8794	1
831	8807	1
999	8807	1
299	8808	1
435	8811	1
23	8813	1
918	8829	1
1475	8832	1
696	8834	1
1047	8841	1
1043	8842	1
1047	8842	1
1858	8842	1
1043	8843	1
1047	8843	1
1858	8843	1
961	8844	1
1895	8847	1
1607	8848	1
4062	8848	1
114	8857	1
533	8863	1
817	8869	1
817	8870	1
687	8871	1
934	8874	1
795	8878	1
3	8879	1
307	8882	1
4006	8886	1
570	8893	1
685	8893	1
487	8894	1
253	8898	1
3952	8902	1
1066	8906	1
532	8914	1
3981	8915	1
879	8916	1
914	8916	1
282	8928	1
869	8929	1
3324	8933	1
3324	8934	1
3598	8935	1
220	8937	1
3873	8938	1
1116	8941	1
3923	8949	1
1824	8961	1
1152	8965	1
338	8966	1
338	8967	1
338	8968	1
338	8969	1
180	8971	1
811	8971	1
1012	8971	1
4106	8973	1
754	8974	1
1995	8976	1
1735	8977	1
1058	8978	1
3357	8979	1
307	8982	1
3923	8983	1
3960	8983	1
1244	8986	1
1384	8989	1
1050	9003	1
1550	9004	1
3703	9018	1
3807	9021	1
3809	9021	1
1993	9022	1
307	9025	1
562	9026	1
1957	9030	1
1882	9031	1
388	9032	1
1269	9033	1
3731	9033	1
3782	9033	1
1269	9034	1
1928	9035	1
1244	9037	1
1244	9038	1
3942	9043	1
574	9044	1
1416	9047	1
3969	9055	1
4057	9056	1
1244	9058	1
911	9059	1
4106	9064	1
3762	9069	1
3965	9070	1
1837	9083	1
1132	9090	1
231	9091	1
48	9093	1
3357	9098	1
4111	9098	1
3598	9099	1
3648	9099	1
3868	9099	1
3996	9100	1
3472	9103	1
3557	9106	1
3465	9109	1
3973	9116	1
1725	9117	1
4114	9118	1
4047	9129	1
1915	9142	1
4088	9143	1
3362	9145	1
970	9146	1
1298	9147	1
1882	9151	1
1743	9153	1
1441	9154	1
1441	9155	1
1807	9158	1
1824	9161	1
961	9162	1
104	9164	1
141	9164	1
278	9164	1
90	9166	1
29	9167	1
37	9167	1
73	9175	1
816	9175	1
1012	9176	1
3306	9178	1
3400	9178	1
1569	9181	1
1641	9182	1
1641	9183	1
1810	9183	1
148	9184	1
148	9189	1
884	9191	1
167	9194	1
184	9196	1
3811	9200	1
598	9201	1
878	9203	1
400	9205	1
820	9211	1
334	9212	1
465	9212	1
925	9213	1
355	9214	1
4089	9217	1
1384	9225	1
3843	9226	1
3202	9227	1
3790	9235	1
3790	9236	1
839	9237	1
513	9239	1
1588	9244	1
935	9248	1
4041	9249	1
4149	9249	1
3177	9250	1
3981	9256	1
3509	9257	1
1978	9262	1
1394	9264	1
1204	9268	1
1392	9268	1
4106	9275	1
553	9276	1
3387	9277	1
26	9278	1
200	9280	1
3226	9282	1
167	9284	1
1203	9286	1
2012	9287	1
1084	9290	1
903	9293	1
1055	9294	1
1256	9294	1
1360	9295	1
1721	9297	1
1394	9298	1
1923	9306	1
1925	9306	1
357	9308	1
1032	9309	1
1114	9311	1
123	9312	1
1152	9312	1
383	9315	1
307	9317	1
180	9318	1
1405	9322	1
3210	9324	1
1760	9325	1
1760	9326	1
1798	9332	1
783	9337	1
362	9338	1
3309	9351	1
3217	9353	1
543	9359	1
1736	9365	1
3703	9379	1
3488	9383	1
3543	9385	1
3868	9388	1
3415	9391	1
866	9398	1
1472	9400	1
1805	9400	1
602	9403	1
3309	9406	1
884	9410	1
3942	9411	1
3347	9415	1
3581	9418	1
4041	9419	1
1133	9420	1
3202	9420	1
3875	9421	1
869	9424	1
487	9433	1
2022	9437	1
3433	9443	1
3836	9469	1
78	9470	1
75	9477	1
75	9478	1
3	9479	1
3	9480	1
23	9487	1
23	9488	1
29	9489	1
103	9490	1
145	9490	1
37	9492	1
38	9493	1
60	9506	1
60	9507	1
230	9508	1
75	9519	1
78	9522	1
99	9528	1
117	9534	1
117	9535	1
123	9537	1
123	9538	1
1152	9538	1
412	9540	1
543	9540	1
874	9540	1
146	9543	1
534	9543	1
150	9544	1
1426	9544	1
167	9556	1
180	9568	1
184	9570	1
213	9580	1
220	9582	1
223	9583	1
230	9586	1
231	9588	1
242	9590	1
243	9591	1
247	9592	1
247	9593	1
248	9594	1
260	9597	1
260	9598	1
260	9599	1
262	9600	1
270	9601	1
272	9602	1
273	9604	1
273	9605	1
744	9616	1
870	9616	1
1825	9616	1
301	9619	1
307	9621	1
961	9621	1
313	9623	1
333	9624	1
318	9625	1
318	9626	1
336	9629	1
1810	9638	1
1810	9640	1
897	9643	1
388	9657	1
400	9660	1
400	9661	1
403	9662	1
409	9664	1
412	9666	1
430	9668	1
817	9669	1
732	9672	1
732	9674	1
1825	9674	1
489	9685	1
760	9687	1
760	9688	1
516	9693	1
534	9704	1
656	9705	1
811	9705	1
554	9707	1
557	9709	1
1648	9709	1
585	9714	1
585	9715	1
585	9716	1
601	9720	1
601	9721	1
767	9721	1
602	9722	1
605	9725	1
659	9739	1
659	9740	1
659	9741	1
776	9754	1
687	9755	1
719	9763	1
870	9772	1
756	9774	1
762	9775	1
3980	9775	1
762	9776	1
3980	9776	1
767	9777	1
772	9778	1
772	9779	1
788	9782	1
789	9783	1
795	9784	1
817	9789	1
828	9795	1
831	9799	1
831	9800	1
999	9800	1
839	9803	1
862	9811	1
874	9821	1
874	9822	1
881	9825	1
881	9826	1
884	9827	1
886	9828	1
896	9829	1
912	9833	1
912	9834	1
1906	9835	1
898	9837	1
898	9838	1
911	9844	1
918	9845	1
999	9883	1
999	9884	1
999	9885	1
1806	9885	1
1735	9900	1
1067	9902	1
1034	9904	1
1050	9909	1
1050	9910	1
1118	9911	1
1351	9911	1
1516	9918	1
1865	9919	1
1086	9920	1
1089	9921	1
1089	9922	1
1101	9926	1
1885	9926	1
1108	9927	1
1108	9928	1
1124	9934	1
1810	9936	1
1132	9937	1
1133	9938	1
1152	9945	1
1152	9946	1
1155	9947	1
1163	9950	1
1167	9955	1
1167	9956	1
1317	9963	1
1213	9972	1
1224	9975	1
1235	9979	1
1238	9980	1
1244	9984	1
1244	9985	1
1244	9986	1
1248	9988	1
1249	9989	1
1251	9990	1
1251	9991	1
1253	9992	1
1256	9994	1
1256	9995	1
1270	9999	1
1270	10000	1
1710	10002	1
1789	10003	1
1545	10006	1
1337	10017	1
1447	10020	1
1347	10021	1
1370	10030	1
1370	10031	1
1384	10034	1
1385	10035	1
1386	10036	1
1386	10037	1
1413	10042	1
1416	10043	1
1717	10045	1
1425	10046	1
1425	10047	1
1428	10049	1
1807	10052	1
1935	10053	1
1438	10057	1
1972	10058	1
1446	10063	1
1451	10067	1
1545	10069	1
1545	10071	1
1464	10075	1
1468	10080	1
1468	10081	1
1473	10082	1
1473	10083	1
3469	10092	1
1549	10095	1
3935	10103	1
3935	10112	1
1760	10118	1
3942	10120	1
1602	10123	1
1530	10124	1
3868	10127	1
4084	10129	1
3200	10142	1
3347	10147	1
3645	10161	1
3501	10167	1
4149	10178	1
4041	10179	1
3935	10182	1
3935	10183	1
3776	10190	1
3374	10194	1
3969	10198	1
2036	10205	1
3275	10206	1
1947	10209	1
1951	10209	1
1947	10210	1
1488	10218	1
3358	10224	1
3358	10225	1
3762	10228	1
3469	10229	1
3939	10233	1
1675	10236	1
3981	10244	1
1487	10248	1
1522	10252	1
1530	10254	1
1530	10255	1
1539	10263	1
1667	10264	1
1549	10265	1
1578	10269	1
1587	10275	1
1620	10275	1
1588	10276	1
1613	10282	1
1631	10289	1
1639	10291	1
1664	10296	1
1762	10311	1
2026	10320	1
1798	10322	1
1810	10324	1
1841	10326	1
1829	10328	1
1841	10331	1
1841	10332	1
1847	10333	1
1857	10336	1
1915	10346	1
3965	10346	1
1922	10348	1
1951	10357	1
2051	10364	1
2051	10365	1
2062	10369	1
2062	10370	1
4079	10379	1
4026	10388	1
3153	10391	1
3153	10392	1
3154	10393	1
3165	10398	1
3175	10402	1
3175	10403	1
3183	10406	1
3190	10410	1
3868	10411	1
3868	10412	1
3196	10413	1
3200	10414	1
3200	10415	1
3202	10417	1
3217	10418	1
3217	10419	1
3217	10420	1
3266	10431	1
3309	10445	1
3681	10447	1
3681	10448	1
3324	10455	1
3347	10460	1
3378	10469	1
3873	10471	1
3383	10472	1
3383	10473	1
3397	10474	1
3403	10478	1
3415	10480	1
3436	10490	1
3436	10491	1
3436	10492	1
3436	10493	1
3436	10494	1
3472	10505	1
3473	10506	1
3475	10507	1
3491	10512	1
3509	10520	1
3509	10521	1
3521	10527	1
3521	10528	1
3525	10530	1
3545	10539	1
3564	10542	1
3574	10545	1
3574	10546	1
3574	10547	1
3627	10556	1
3638	10560	1
3648	10561	1
3653	10564	1
3671	10571	1
3686	10579	1
3725	10587	1
3774	10589	1
3756	10592	1
3775	10601	1
3793	10604	1
3795	10604	1
3800	10604	1
3800	10609	1
3809	10610	1
3855	10621	1
3858	10622	1
3861	10623	1
3865	10624	1
3866	10624	1
3919	10632	1
3936	10636	1
3936	10637	1
3940	10638	1
3985	10639	1
3952	10641	1
4012	10652	1
4012	10653	1
4076	10655	1
4064	10669	1
4073	10674	1
4084	10676	1
4101	10682	1
4133	10690	1
4136	10691	1
4140	10693	1
725	10702	2
2727	10702	2
3195	10702	2
3699	10702	2
3701	10702	2
3703	10702	2
3725	10702	2
174	10703	2
223	10703	2
225	10703	2
462	10703	2
763	10703	2
914	10703	2
1648	10703	2
2210	10703	2
2239	10703	2
2240	10703	2
3254	10703	2
3432	10703	2
3598	10703	2
3648	10703	2
765	10704	2
1155	10706	2
1617	10706	2
3574	10706	2
1061	10707	2
1322	10707	2
1615	10707	2
2205	10710	2
2488	10711	2
2512	10711	2
2950	10711	2
751	10712	2
789	10712	2
2022	10712	2
2743	10712	2
2982	10712	2
3738	10712	2
2540	10713	2
2858	10714	2
3738	10716	2
3942	10716	2
6	10719	2
465	10719	2
783	10719	2
866	10719	2
925	10719	2
1496	10719	2
3703	10719	2
3916	10719	2
2604	10720	2
3117	10720	2
3205	10720	2
3175	10724	2
601	10725	2
3701	10725	2
3938	10728	2
123	10729	2
1818	10729	2
3165	10729	2
38	10730	2
145	10730	2
180	10730	2
732	10730	2
911	10730	2
2804	10730	2
3357	10730	2
551	10732	2
1717	10732	2
90	10733	2
122	10733	2
605	10733	2
2745	10733	2
167	10734	2
278	10734	2
333	10734	2
350	10734	2
364	10734	2
760	10734	2
912	10734	2
1034	10734	2
1067	10734	2
1163	10734	2
1350	10734	2
1371	10734	2
1393	10734	2
1394	10734	2
1455	10734	2
1487	10734	2
1564	10734	2
1720	10734	2
1762	10734	2
1882	10734	2
2028	10734	2
2270	10734	2
2416	10734	2
2866	10734	2
2986	10734	2
3331	10734	2
3549	10734	2
3753	10734	2
3775	10734	2
497	10735	2
4067	10735	2
238	10736	2
505	10736	2
552	10736	2
601	10736	2
783	10736	2
820	10736	2
1050	10736	2
1426	10736	2
1667	10736	2
1736	10736	2
1845	10736	2
1963	10736	2
2385	10736	2
2509	10736	2
2525	10736	2
2633	10736	2
2696	10736	2
2726	10736	2
2728	10736	2
2850	10736	2
2907	10736	2
3199	10736	2
3291	10736	2
3875	10736	2
424	10737	2
565	10737	2
767	10737	2
2370	10741	2
238	10745	2
898	10745	2
1370	10745	2
1409	10745	2
1446	10745	2
1607	10745	2
1735	10745	2
1810	10745	2
1895	10745	2
1933	10745	2
1957	10745	2
2270	10745	2
2520	10745	2
2660	10745	2
2662	10745	2
2743	10745	2
2801	10745	2
2969	10745	2
2996	10745	2
3202	10745	2
3221	10745	2
3410	10745	2
3645	10745	2
3671	10745	2
3875	10745	2
3888	10745	2
3980	10745	2
4121	10745	2
258	10748	2
1468	10748	2
1805	10748	2
4140	10748	2
935	10749	2
2322	10750	2
3681	10750	2
4133	10750	2
2026	10751	2
2278	10751	2
3336	10751	2
3497	10751	2
48	10752	2
2565	10753	2
566	10754	2
254	10756	2
1444	10756	2
1717	10756	2
2413	10756	2
3121	10756	2
3200	10756	2
3465	10756	2
3521	10756	2
75	10757	2
129	10757	2
184	10757	2
243	10757	2
719	10757	2
1391	10757	2
1447	10757	2
1628	10757	2
2295	10757	2
3724	10758	2
3790	10759	2
200	10760	2
238	10760	2
435	10760	2
451	10760	2
465	10760	2
589	10760	2
696	10760	2
816	10760	2
896	10760	2
970	10760	2
1058	10760	2
1116	10760	2
1132	10760	2
1213	10760	2
1296	10760	2
1315	10760	2
1376	10760	2
1424	10760	2
1445	10760	2
1505	10760	2
1571	10760	2
1588	10760	2
1592	10760	2
1721	10760	2
1817	10760	2
2051	10760	2
2170	10760	2
2336	10760	2
2492	10760	2
2839	10760	2
2936	10760	2
2946	10760	2
3039	10760	2
3067	10760	2
3275	10760	2
3317	10760	2
3750	10760	2
3891	10760	2
3938	10760	2
4111	10760	2
1043	10761	2
1370	10761	2
1710	10761	2
1829	10761	2
2605	10761	2
3564	10761	2
4004	10761	2
180	10763	2
318	10763	2
2023	10763	2
2587	10763	2
388	10764	2
2520	10764	2
3117	10765	2
61	10768	2
99	10768	2
112	10768	2
828	10768	2
2660	10768	2
2756	10768	2
17	10769	2
142	10769	2
2205	10769	2
314	10780	2
1047	10780	2
1089	10780	2
1116	10780	2
1150	10780	2
1223	10780	2
1244	10780	2
1249	10780	2
1406	10780	2
1481	10780	2
1486	10780	2
1556	10780	2
1641	10780	2
1664	10780	2
1706	10780	2
1752	10780	2
1858	10780	2
1882	10780	2
1923	10780	2
1925	10780	2
2026	10780	2
2036	10780	2
4140	10780	2
3565	10782	2
2276	10783	2
1385	10785	2
918	10788	2
1760	10788	2
2272	10788	2
278	10789	2
1220	10789	2
1858	10789	2
756	10790	2
3525	10790	2
1696	10791	2
2631	10791	2
2889	10791	2
2999	10791	2
3082	10791	2
3730	10791	2
1064	10792	2
1500	10792	2
1530	10792	2
1993	10792	2
2416	10792	2
2521	10792	2
2591	10792	2
3196	10792	2
3200	10792	2
3309	10792	2
3455	10792	2
3597	10792	2
3686	10792	2
29	10793	2
415	10793	2
669	10794	2
2728	10795	2
3160	10795	2
213	10798	2
403	10798	2
1486	10798	2
2596	10798	2
2599	10798	2
2823	10798	2
3175	10798	2
25	10799	2
73	10799	2
112	10799	2
270	10799	2
287	10799	2
338	10799	2
371	10799	2
435	10799	2
460	10799	2
605	10799	2
687	10799	2
696	10799	2
732	10799	2
918	10799	2
996	10799	2
1032	10799	2
1034	10799	2
1077	10799	2
1084	10799	2
1086	10799	2
1088	10799	2
1108	10799	2
1124	10799	2
1203	10799	2
1251	10799	2
1298	10799	2
1394	10799	2
1418	10799	2
1520	10799	2
1550	10799	2
1571	10799	2
1588	10799	2
1607	10799	2
1613	10799	2
1696	10799	2
1713	10799	2
1720	10799	2
1730	10799	2
1742	10799	2
1760	10799	2
1817	10799	2
1873	10799	2
1886	10799	2
2036	10799	2
2068	10799	2
2104	10799	2
2106	10799	2
2123	10799	2
2213	10799	2
2321	10799	2
2322	10799	2
2328	10799	2
2384	10799	2
2492	10799	2
2501	10799	2
2512	10799	2
2515	10799	2
2521	10799	2
2526	10799	2
2542	10799	2
2587	10799	2
2603	10799	2
2660	10799	2
2662	10799	2
2673	10799	2
2682	10799	2
2706	10799	2
2795	10799	2
2821	10799	2
2850	10799	2
2878	10799	2
2885	10799	2
2936	10799	2
2972	10799	2
2979	10799	2
3082	10799	2
3125	10799	2
3165	10799	2
3217	10799	2
3236	10799	2
3254	10799	2
3263	10799	2
3317	10799	2
3470	10799	2
3532	10799	2
3545	10799	2
3552	10799	2
3572	10799	2
3638	10799	2
3639	10799	2
3756	10799	2
3774	10799	2
3850	10799	2
3877	10799	2
3901	10799	2
3939	10799	2
3965	10799	2
4091	10799	2
4109	10799	2
4115	10799	2
4142	10800	2
2291	10801	2
151	10802	2
497	10802	2
1223	10802	2
3671	10802	2
1224	10803	2
2521	10803	2
2217	10804	2
2565	10804	2
1527	10806	2
2885	10807	2
2400	10808	2
3336	10809	2
3096	10810	2
2052	10812	2
253	10813	2
1106	10814	2
1393	10814	2
462	10815	2
2769	10815	2
3996	10817	2
424	10818	2
763	10818	2
383	10819	2
3387	10819	2
3470	10819	2
878	10820	2
3	10822	2
970	10822	2
1296	10822	2
1412	10822	2
2753	10822	2
129	10824	2
130	10824	2
134	10824	2
513	10824	2
839	10824	2
2916	10824	2
6	10826	2
1106	10828	2
3525	10828	2
151	10829	2
1857	10833	2
2106	10833	2
2392	10833	2
2511	10833	2
2596	10833	2
2660	10833	2
2686	10833	2
3121	10833	2
3317	10833	2
1743	10834	2
2104	10834	2
1386	10835	2
1093	10836	2
3154	10836	2
3190	10836	2
3625	10836	2
3952	10836	2
4121	10836	2
129	10839	2
129	10841	2
272	10841	2
1543	10841	2
168	10842	2
874	10842	2
1810	10842	2
334	10843	2
1433	10851	2
620	10852	2
1311	10852	2
1763	10852	2
1805	10852	2
1993	10852	2
2036	10852	2
2386	10852	2
146	10855	2
1032	10855	2
1043	10855	2
1058	10855	2
1064	10855	2
1077	10855	2
1259	10855	2
1376	10855	2
1424	10855	2
1475	10855	2
1487	10855	2
1639	10855	2
1717	10855	2
1725	10855	2
1763	10855	2
1906	10855	2
1915	10855	2
1922	10855	2
1971	10855	2
2053	10855	2
2355	10855	2
2915	10855	2
3080	10855	2
3183	10855	2
3337	10855	2
3488	10855	2
3501	10855	2
3543	10855	2
3597	10855	2
3731	10855	2
3776	10855	2
3886	10855	2
3901	10855	2
3947	10855	2
4004	10855	2
4085	10855	2
4149	10855	2
1093	10856	2
1204	10856	2
1472	10856	2
1550	10856	2
1613	10856	2
2509	10856	2
1248	10857	2
1376	10857	2
1615	10857	2
2698	10857	2
3549	10857	2
4023	10859	2
262	10860	2
136	10863	2
518	10863	2
1251	10863	2
1296	10863	2
1723	10863	2
1818	10863	2
2062	10863	2
4091	10863	2
278	10864	2
674	10864	2
783	10864	2
1034	10864	2
1055	10864	2
1061	10864	2
1088	10864	2
1101	10864	2
1108	10864	2
1163	10864	2
1251	10864	2
1253	10864	2
1350	10864	2
1384	10864	2
1418	10864	2
1451	10864	2
1493	10864	2
1508	10864	2
1520	10864	2
1564	10864	2
1569	10864	2
1571	10864	2
1578	10864	2
1592	10864	2
1607	10864	2
1675	10864	2
1698	10864	2
1735	10864	2
1742	10864	2
1789	10864	2
1818	10864	2
1873	10864	2
1885	10864	2
1886	10864	2
1957	10864	2
1988	10864	2
2036	10864	2
2979	10864	2
3126	10864	2
3165	10864	2
3183	10864	2
3190	10864	2
3254	10864	2
3598	10864	2
3843	10864	2
3916	10864	2
4062	10864	2
4065	10864	2
4073	10864	2
1468	10865	2
3571	10865	2
400	10866	2
3501	10866	2
130	10868	2
797	10868	2
1108	10868	2
2049	10868	2
3136	10868	2
3455	10868	2
3458	10868	2
3839	10868	2
4067	10868	2
1607	10869	2
3223	10869	2
3459	10869	2
3987	10869	2
3226	10870	2
3289	10870	2
3928	10870	2
1780	10871	2
2321	10872	2
3403	10872	2
562	10875	2
3430	10875	2
3469	10875	2
3838	10875	2
3947	10875	2
602	10876	2
3915	10877	2
106	10878	2
1468	10879	2
970	10880	2
1791	10880	2
1825	10880	2
2386	10881	2
1155	10885	2
2370	10885	2
621	10886	2
1025	10886	2
1133	10886	2
2696	10886	2
3082	10886	2
1385	10887	2
333	10888	2
3800	10889	2
642	10890	2
675	10890	2
724	10890	2
940	10890	2
1088	10890	2
1242	10890	2
1520	10890	2
2170	10890	2
2662	10890	2
2127	10891	2
2128	10891	2
3804	10894	2
122	10896	2
350	10896	2
1972	10896	2
3266	10896	2
3374	10896	2
3818	10896	2
601	10897	2
732	10897	2
2664	10897	2
3861	10897	2
2996	10898	2
3400	10899	2
2217	10903	2
2526	10903	2
2528	10903	2
2656	10903	2
2823	10903	2
3855	10903	2
2255	10904	2
2341	10904	2
174	10905	2
364	10905	2
545	10905	2
2605	10905	2
2973	10905	2
3028	10905	2
671	10906	2
1667	10906	2
1963	10906	2
2654	10906	2
2693	10906	2
3362	10906	2
3877	10906	2
184	10907	2
1077	10907	2
3098	10907	2
4114	10907	2
336	10909	2
2488	10909	2
2505	10909	2
2858	10909	2
642	10911	2
2386	10914	2
518	10915	2
744	10918	2
260	10922	2
262	10922	2
776	10922	2
1760	10922	2
2721	10922	2
3347	10922	2
336	10923	2
3080	10925	2
633	10926	2
1244	10926	2
1855	10926	2
1865	10926	2
2886	10926	2
110	10927	2
1086	10927	2
2367	10927	2
2459	10927	2
2544	10927	2
2578	10927	2
2751	10927	2
2936	10927	2
3020	10927	2
273	10928	2
421	10928	2
744	10928	2
1735	10928	2
1889	10928	2
2117	10928	2
2127	10928	2
2128	10928	2
2136	10928	2
2137	10928	2
2489	10928	2
2525	10928	2
2549	10928	2
2721	10928	2
2833	10928	2
3032	10928	2
3045	10928	2
3086	10928	2
2246	10931	2
3284	10931	2
355	10932	2
403	10932	2
1079	10932	2
1337	10932	2
1550	10932	2
1667	10932	2
1963	10932	2
1993	10932	2
3289	10932	2
26	10935	2
334	10935	2
516	10935	2
1032	10935	2
1438	10935	2
2920	10935	2
3136	10935	2
3337	10935	2
3638	10935	2
3947	10935	2
4088	10935	2
2540	10936	2
1412	10937	2
2123	10937	2
3033	10937	2
3086	10937	2
6	10938	2
253	10938	2
897	10938	2
932	10938	2
2706	10938	2
2757	10938	2
457	10939	2
2354	10940	2
3509	10941	2
588	10943	2
151	10944	2
2986	10945	2
2489	10946	2
870	10947	2
1500	10948	2
2072	10949	2
2662	10949	2
3284	10949	2
3942	10949	2
1408	10953	2
2026	10953	2
3381	10953	2
811	10954	2
918	10954	2
2385	10954	2
2772	10954	2
61	10956	2
523	10956	2
1896	10956	2
2253	10956	2
2673	10956	2
2698	10956	2
1958	10958	2
621	10963	2
4152	10963	2
2295	10964	2
3198	10965	2
1238	10966	2
1311	10966	2
1405	10966	2
1412	10966	2
1762	10966	2
4084	10966	2
80	10967	2
104	10967	2
114	10967	2
168	10967	2
200	10967	2
205	10967	2
206	10967	2
243	10967	2
246	10967	2
258	10967	2
267	10967	2
289	10967	2
313	10967	2
333	10967	2
353	10967	2
379	10967	2
424	10967	2
457	10967	2
469	10967	2
489	10967	2
498	10967	2
505	10967	2
518	10967	2
523	10967	2
533	10967	2
534	10967	2
565	10967	2
574	10967	2
590	10967	2
611	10967	2
621	10967	2
704	10967	2
724	10967	2
763	10967	2
765	10967	2
776	10967	2
789	10967	2
797	10967	2
817	10967	2
820	10967	2
839	10967	2
847	10967	2
874	10967	2
879	10967	2
911	10967	2
963	10967	2
986	10967	2
996	10967	2
1012	10967	2
1034	10967	2
1050	10967	2
1067	10967	2
1132	10967	2
1146	10967	2
1167	10967	2
1246	10967	2
1251	10967	2
1253	10967	2
1315	10967	2
1350	10967	2
1370	10967	2
1384	10967	2
1386	10967	2
1447	10967	2
1491	10967	2
1494	10967	2
1496	10967	2
1527	10967	2
1543	10967	2
1550	10967	2
1562	10967	2
1578	10967	2
1622	10967	2
1628	10967	2
1649	10967	2
1684	10967	2
1713	10967	2
1735	10967	2
1742	10967	2
1789	10967	2
1817	10967	2
1837	10967	2
1865	10967	2
1873	10967	2
1933	10967	2
1935	10967	2
1947	10967	2
1951	10967	2
1988	10967	2
1993	10967	2
2022	10967	2
2220	10967	2
2239	10967	2
2240	10967	2
2324	10967	2
2748	10967	2
2869	10967	2
3050	10967	2
3109	10967	2
3153	10967	2
3357	10967	2
3623	10967	2
3782	10967	2
3843	10967	2
3858	10967	2
3935	10967	2
3996	10967	2
4012	10967	2
9	10968	2
29	10968	2
37	10968	2
75	10968	2
174	10968	2
195	10968	2
200	10968	2
231	10968	2
243	10968	2
254	10968	2
262	10968	2
282	10968	2
338	10968	2
357	10968	2
371	10968	2
388	10968	2
394	10968	2
441	10968	2
460	10968	2
477	10968	2
499	10968	2
532	10968	2
554	10968	2
573	10968	2
598	10968	2
704	10968	2
726	10968	2
751	10968	2
886	10968	2
898	10968	2
963	10968	2
1688	10968	2
2154	10968	2
3383	10968	2
23	10969	2
104	10969	2
117	10969	2
141	10969	2
146	10969	2
148	10969	2
180	10969	2
208	10969	2
242	10969	2
266	10969	2
273	10969	2
314	10969	2
334	10969	2
342	10969	2
364	10969	2
393	10969	2
409	10969	2
421	10969	2
430	10969	2
497	10969	2
534	10969	2
553	10969	2
561	10969	2
570	10969	2
661	10969	2
685	10969	2
695	10969	2
703	10969	2
719	10969	2
725	10969	2
766	10969	2
881	10969	2
925	10969	2
1408	10969	2
1602	10969	2
1641	10969	2
1720	10969	2
1726	10969	2
1806	10969	2
1895	10969	2
2014	10969	2
2023	10969	2
3347	10969	2
3730	10969	2
1978	10970	2
389	10971	2
469	10971	2
1021	10971	2
1406	10971	2
1441	10971	2
1617	10971	2
1805	10971	2
1571	10973	2
1155	10975	2
1187	10975	2
1317	10975	2
1656	10975	2
1740	10975	2
2272	10975	2
2321	10975	2
2647	10975	2
2715	10975	2
2720	10975	2
2728	10975	2
3039	10975	2
3096	10975	2
1740	10976	2
886	10977	2
1730	10977	2
1706	10978	2
254	10979	2
620	10979	2
1752	10979	2
21	10980	2
2127	10980	2
260	10986	2
2096	10986	2
3703	10986	2
3725	10986	2
1088	10988	2
1520	10988	2
2062	10988	2
318	10989	2
1133	10989	2
862	10990	2
1214	10990	2
1264	10990	2
719	10991	2
2776	10993	2
3063	10993	2
766	10995	2
2603	10998	2
2955	10998	2
3935	10998	2
2591	10999	2
2795	10999	2
2950	10999	2
48	11000	2
213	11000	2
272	11000	2
355	11000	2
589	11000	2
816	11000	2
2751	11000	2
2999	11000	2
3387	11000	2
3407	11000	2
3836	11000	2
1019	11002	2
1315	11004	2
2908	11004	2
724	11005	2
1386	11005	2
1425	11005	2
1472	11005	2
1847	11005	2
2136	11005	2
3358	11005	2
205	11006	2
656	11006	2
918	11006	2
1118	11006	2
1146	11006	2
1838	11006	2
1928	11006	2
2052	11006	2
2137	11006	2
2346	11006	2
3241	11006	2
3284	11006	2
3516	11006	2
3521	11006	2
3778	11006	2
4064	11006	2
2834	11009	2
2839	11010	2
75	11013	2
2794	11014	2
2310	11016	2
1460	11021	2
389	11022	2
565	11022	2
934	11022	2
1251	11022	2
1578	11022	2
1838	11022	2
543	11023	2
3060	11023	2
543	11024	2
2822	11026	2
3126	11026	2
136	11028	2
1566	11029	2
1481	11030	2
1539	11030	2
1556	11030	2
1837	11030	2
2355	11030	2
3994	11030	2
4114	11030	2
318	11031	2
828	11031	2
834	11031	2
1172	11031	2
1203	11031	2
1231	11031	2
1395	11031	2
1441	11031	2
1444	11031	2
1488	11031	2
1505	11031	2
1650	11031	2
1684	11031	2
1696	11031	2
1730	11031	2
1732	11031	2
1806	11031	2
2012	11031	2
2022	11031	2
2748	11031	2
2920	11031	2
2995	11031	2
3165	11031	2
3969	11031	2
2659	11032	2
394	11033	2
398	11033	2
506	11033	2
767	11033	2
1441	11033	2
671	11034	2
2659	11034	2
2969	11034	2
9	11037	2
60	11037	2
78	11037	2
99	11037	2
357	11037	2
633	11037	2
685	11037	2
695	11037	2
1047	11037	2
1067	11037	2
1375	11037	2
1488	11037	2
2578	11037	2
2804	11037	2
2833	11037	2
3033	11037	2
3177	11037	2
3226	11037	2
3627	11037	2
3839	11037	2
3873	11037	2
1805	11039	2
2988	11039	2
1473	11041	2
1933	11041	2
3236	11041	2
338	11042	2
1124	11042	2
1418	11042	2
1763	11042	2
1915	11042	2
3160	11042	2
3202	11042	2
3221	11042	2
3233	11042	2
3250	11042	2
3299	11042	2
3473	11042	2
3488	11042	2
3503	11042	2
3564	11042	2
3597	11042	2
3636	11042	2
3772	11042	2
3916	11042	2
3939	11042	2
4065	11042	2
4072	11042	2
20	11043	2
159	11043	2
400	11043	2
516	11043	2
1549	11043	2
1564	11043	2
1650	11043	2
3236	11043	2
3465	11043	2
3469	11043	2
3526	11043	2
3596	11043	2
3645	11043	2
3653	11043	2
3965	11043	2
4047	11043	2
4072	11043	2
365	11044	2
2246	11044	2
2528	11044	2
2549	11044	2
2950	11044	2
3432	11044	2
4085	11044	2
2900	11045	2
3110	11045	2
2884	11046	2
80	11047	2
333	11047	2
552	11047	2
687	11047	2
1723	11047	2
3175	11047	2
3873	11047	2
4149	11047	2
589	11049	2
2846	11049	2
912	11050	2
2137	11050	2
3819	11050	2
545	11052	2
1350	11054	2
1602	11054	2
1762	11054	2
1786	11054	2
2363	11054	2
3811	11054	2
3819	11054	2
1896	11056	2
3347	11056	2
3545	11056	2
3581	11056	2
3655	11056	2
3809	11056	2
3990	11056	2
4047	11057	2
1493	11058	2
1896	11058	2
2205	11058	2
3058	11058	2
103	11059	2
148	11059	2
159	11059	2
167	11059	2
242	11059	2
253	11059	2
318	11059	2
336	11059	2
353	11059	2
371	11059	2
400	11059	2
538	11059	2
552	11059	2
553	11059	2
606	11059	2
642	11059	2
668	11059	2
732	11059	2
754	11059	2
772	11059	2
817	11059	2
862	11059	2
881	11059	2
912	11059	2
1061	11059	2
1088	11059	2
1148	11059	2
1163	11059	2
1178	11059	2
1384	11059	2
1426	11059	2
1620	11059	2
1667	11059	2
1736	11059	2
1786	11059	2
1971	11059	2
2143	11059	2
2220	11059	2
2478	11059	2
2542	11059	2
2624	11059	2
2691	11059	2
2726	11059	2
2915	11059	2
3086	11059	2
3289	11059	2
3730	11059	2
206	11060	2
1648	11060	2
2023	11060	2
2026	11060	2
457	11064	2
3403	11064	2
2587	11065	2
2324	11066	2
847	11067	2
1806	11067	2
1025	11068	2
2801	11068	2
2920	11071	2
1101	11073	2
1885	11073	2
2269	11073	2
3596	11073	2
3623	11073	2
3655	11073	2
3774	11073	2
3919	11073	2
184	11074	2
267	11074	2
344	11074	2
561	11074	2
1522	11075	2
3198	11075	2
3357	11076	2
1360	11077	2
130	11078	2
3985	11078	2
1698	11080	2
551	11081	2
1380	11081	2
1416	11081	2
1807	11081	2
2993	11081	2
4079	11081	2
3886	11082	2
247	11083	2
532	11083	2
602	11083	2
704	11083	2
914	11083	2
2028	11083	2
3199	11083	2
3205	11083	2
3210	11083	2
3410	11083	2
2449	11084	2
2478	11084	2
3686	11084	2
3996	11084	2
4106	11084	2
1886	11085	2
2901	11085	2
3331	11085	2
3776	11088	2
2659	11093	2
230	11094	2
287	11095	2
671	11095	2
1114	11095	2
1524	11095	2
1763	11095	2
2807	11095	2
299	11097	2
1684	11097	2
2857	11097	2
3383	11097	2
3581	11097	2
3699	11097	2
103	11098	2
398	11098	2
532	11098	2
619	11098	2
862	11098	2
1043	11098	2
1259	11098	2
1566	11098	2
1896	11098	2
1978	11098	2
3154	11098	2
3159	11098	2
3173	11098	2
3217	11098	2
3223	11098	2
3392	11098	2
3436	11098	2
3497	11098	2
3807	11098	2
3836	11098	2
3850	11098	2
3985	11098	2
4041	11098	2
4065	11098	2
898	11100	2
1118	11100	2
2346	11100	2
2956	11100	2
3241	11100	2
3263	11100	2
3552	11100	2
3777	11100	2
3778	11100	2
633	11101	2
2349	11102	2
3430	11102	2
3901	11102	2
588	11103	2
725	11103	2
2371	11105	2
2276	11106	2
869	11109	2
2247	11109	2
2449	11109	2
2833	11109	2
3381	11114	2
3905	11114	2
3957	11114	2
2101	11115	2
2751	11117	2
3383	11118	2
1021	11119	2
2207	11119	2
3082	11119	2
3625	11119	2
2846	11120	2
3217	11120	2
3475	11120	2
301	11121	2
2475	11121	2
2528	11121	2
2654	11121	2
3045	11121	2
3326	11121	2
282	11122	2
961	11124	2
1347	11124	2
1906	11124	2
1494	11127	2
2626	11127	2
2850	11127	2
2885	11127	2
3888	11127	2
4121	11127	2
4148	11127	2
2400	11128	2
243	11133	2
736	11133	2
2748	11133	2
159	11134	2
247	11136	2
299	11136	2
3309	11136	2
1958	11137	2
4006	11137	2
2984	11138	2
499	11141	2
2253	11141	2
2449	11141	2
1317	11142	2
574	11144	2
1549	11144	2
2540	11144	2
2846	11144	2
136	11145	2
797	11145	2
1409	11145	2
1525	11145	2
1530	11145	2
1649	11145	2
1922	11145	2
2118	11145	2
3263	11145	2
3465	11145	2
4115	11145	2
1133	11150	2
3198	11152	2
3410	11153	2
225	11155	2
3291	11155	2
342	11156	2
763	11156	2
1102	11156	2
1391	11156	2
1395	11156	2
1496	11156	2
1732	11156	2
1838	11156	2
1873	11156	2
2386	11156	2
3138	11156	2
3811	11156	2
940	11157	2
1882	11157	2
51	11158	2
1055	11160	2
1501	11160	2
1508	11160	2
1564	11160	2
1728	11160	2
1798	11160	2
1922	11160	2
2915	11160	2
3155	11160	2
3190	11160	2
3940	11160	2
2417	11161	2
3381	11161	2
3543	11161	2
4152	11161	2
606	11162	2
3205	11162	2
3281	11162	2
3565	11162	2
3738	11162	2
4072	11162	2
4076	11162	2
4089	11162	2
4091	11162	2
4101	11162	2
1631	11164	2
1971	11164	2
499	11165	2
762	11165	2
765	11165	2
934	11165	2
3403	11165	2
3433	11165	2
3836	11165	2
3980	11165	2
767	11166	2
3596	11166	2
3923	11166	2
159	11168	2
1108	11168	2
3136	11168	2
3455	11168	2
3458	11168	2
3516	11168	2
3724	11168	2
3839	11168	2
3138	11169	2
1167	11170	2
1347	11170	2
1441	11170	2
1468	11170	2
1858	11170	2
1935	11170	2
2255	11170	2
2270	11170	2
2869	11170	2
3645	11170	2
4142	11170	2
2549	11172	2
3045	11172	2
3110	11172	2
903	11173	2
2205	11174	2
2626	11174	2
230	11175	2
260	11175	2
344	11175	2
999	11175	2
4006	11175	2
2049	11176	2
3766	11176	2
136	11179	2
3098	11181	2
2560	11182	2
3351	11182	2
3609	11182	2
355	11183	2
122	11185	2
538	11185	2
788	11185	2
797	11185	2
860	11185	2
1108	11185	2
1114	11185	2
1203	11185	2
1220	11185	2
1231	11185	2
1386	11185	2
1406	11185	2
2123	11185	2
2370	11185	2
2642	11185	2
2968	11185	2
3033	11185	2
3136	11185	2
3625	11185	2
3973	11185	2
3086	11186	2
451	11187	2
1447	11187	2
1740	11187	2
1889	11187	2
3218	11187	2
287	11188	2
870	11188	2
1021	11188	2
1035	11188	2
1102	11188	2
1133	11188	2
1148	11188	2
1167	11188	2
1270	11188	2
1413	11188	2
1428	11188	2
1552	11188	2
1650	11188	2
1736	11188	2
1845	11188	2
1858	11188	2
90	11190	2
2716	11190	2
3266	11190	2
3963	11190	2
299	11192	2
1524	11192	2
1613	11192	2
2520	11192	2
2631	11192	2
318	11193	2
394	11193	2
398	11193	2
766	11193	2
1688	11193	2
2021	11193	2
2794	11194	2
585	11195	2
766	11195	2
2387	11195	2
2757	11195	2
3080	11195	2
3195	11196	2
675	11197	2
2138	11197	2
2154	11197	2
1497	11200	2
2051	11200	2
2482	11200	2
2801	11200	2
1315	11202	2
2968	11202	2
620	11203	2
2221	11203	2
3016	11203	2
21	11204	2
427	11204	2
1882	11204	2
2242	11204	2
2349	11204	2
3866	11204	2
4152	11204	2
2247	11208	2
2866	11208	2
2968	11208	2
3020	11208	2
833	11209	2
1791	11209	2
1960	11209	2
2272	11209	2
2531	11209	2
2662	11209	2
3067	11209	2
3309	11209	2
1486	11210	2
117	11212	2
2128	11212	2
2459	11212	2
2520	11212	2
4057	11212	2
1497	11213	2
2116	11213	2
2858	11213	2
2412	11214	2
2885	11214	2
2511	11215	2
150	11216	2
696	11216	2
886	11216	2
1124	11216	2
1550	11216	2
2821	11216	2
3058	11216	2
3809	11217	2
744	11218	2
1087	11218	2
1426	11218	2
1446	11218	2
1675	11218	2
1841	11218	2
1963	11218	2
2021	11218	2
3126	11218	2
4023	11218	2
2973	11220	2
1146	11221	2
1588	11221	2
557	11224	2
1426	11227	2
2884	11228	2
2878	11229	2
400	11230	2
963	11230	2
110	11237	2
273	11237	2
362	11237	2
523	11237	2
585	11237	2
881	11237	2
935	11237	2
1725	11237	2
1726	11237	2
2324	11237	2
3638	11238	2
3351	11239	2
1269	11240	2
874	11241	2
914	11241	2
1101	11241	2
1259	11241	2
1493	11241	2
1725	11241	2
1818	11241	2
1873	11241	2
1885	11241	2
2101	11241	2
2505	11241	2
2991	11241	2
3337	11241	2
3433	11241	2
3512	11241	2
3888	11241	2
78	11242	2
562	11242	2
1296	11242	2
1789	11242	2
1993	11242	2
2727	11242	2
85	11243	2
389	11243	2
669	11243	2
1251	11243	2
1578	11243	2
1838	11243	2
2626	11243	2
3275	11243	2
3574	11243	2
441	11245	2
3873	11245	2
4047	11245	2
502	11246	2
4011	11246	2
3738	11247	2
3942	11247	2
970	11250	2
2102	11250	2
2656	11250	2
3868	11250	2
167	11251	2
760	11251	2
1824	11251	2
2348	11251	2
3067	11251	2
3331	11251	2
1684	11252	2
2995	11256	2
3730	11256	2
766	11258	2
1433	11258	2
2256	11258	2
2270	11259	2
2385	11259	2
2417	11259	2
2832	11259	2
3063	11259	2
3415	11259	2
3639	11259	2
3699	11259	2
1347	11260	2
2776	11260	2
2991	11261	2
3392	11261	2
4011	11261	2
48	11263	2
213	11263	2
668	11263	2
2416	11263	2
2446	11263	2
2673	11263	2
3299	11263	2
2242	11266	2
2341	11266	2
2062	11270	2
2599	11270	2
2832	11270	2
3777	11270	2
4006	11270	2
4121	11270	2
4148	11270	2
1093	11271	2
1505	11271	2
1710	11271	2
1752	11271	2
3199	11271	2
566	11275	2
1064	11275	2
1187	11275	2
1405	11275	2
1416	11275	2
1475	11275	2
1494	11275	2
2021	11275	2
3389	11275	2
3942	11275	2
2168	11278	2
3973	11278	2
878	11280	2
574	11281	2
1079	11281	2
1269	11281	2
1296	11281	2
1736	11281	2
2310	11281	2
2384	11281	2
2693	11281	2
2052	11282	2
168	11285	2
409	11285	2
702	11285	2
703	11285	2
817	11285	2
886	11285	2
1298	11285	2
2104	11285	2
3196	11285	2
3200	11285	2
3777	11285	2
3939	11285	2
3058	11286	2
2021	11288	2
51	11290	2
2501	11290	2
2691	11290	2
2745	11290	2
3226	11290	2
1486	11293	2
230	11294	2
2416	11295	2
3545	11296	2
1173	11299	2
1592	11299	2
1552	11300	2
415	11302	2
3039	11303	2
3177	11303	2
3750	11303	2
362	11304	2
497	11304	2
534	11304	2
1238	11304	2
2449	11304	2
2642	11304	2
80	11305	2
114	11305	2
117	11305	2
206	11305	2
301	11305	2
726	11305	2
1628	11305	2
1725	11305	2
3488	11306	2
834	11307	2
2656	11307	2
2021	11308	2
1915	11309	2
2217	11309	2
2936	11309	2
3473	11309	2
3636	11309	2
1213	11311	2
1732	11311	2
3516	11312	2
195	11313	2
661	11313	2
2474	11313	2
3387	11313	2
3407	11313	2
208	11314	2
231	11314	2
411	11314	2
487	11314	2
705	11314	2
2538	11314	2
2821	11314	2
3378	11314	2
37	11316	2
1855	11317	2
4076	11319	2
142	11323	2
1972	11324	2
739	11325	2
1264	11325	2
1923	11325	2
350	11326	2
1886	11326	2
3632	11326	2
61	11327	2
167	11327	2
205	11327	2
562	11327	2
754	11327	2
912	11327	2
940	11327	2
287	11328	2
860	11328	2
866	11328	2
869	11328	2
897	11328	2
3136	11329	2
3159	11330	2
3795	11330	2
3936	11330	2
1204	11331	2
1392	11331	2
2512	11331	2
4114	11332	2
881	11333	2
379	11337	2
403	11337	2
460	11337	2
1317	11337	2
1468	11337	2
1475	11337	2
1497	11337	2
1525	11337	2
1566	11337	2
1906	11337	2
2012	11337	2
2022	11337	2
2068	11337	2
2138	11337	2
2265	11337	2
2279	11337	2
2392	11337	2
2474	11337	2
2501	11337	2
2512	11337	2
2540	11337	2
2568	11337	2
2599	11337	2
2682	11337	2
2822	11337	2
2823	11337	2
2889	11337	2
2946	11337	2
3432	11337	2
3756	11337	2
4152	11339	2
400	11340	2
1152	11340	2
1915	11341	2
106	11343	2
195	11343	2
961	11343	2
1830	11343	2
2072	11343	2
2531	11343	2
2794	11343	2
2955	11343	2
3121	11343	2
3389	11343	2
3407	11343	2
3442	11343	2
3459	11343	2
3503	11343	2
3532	11343	2
3609	11343	2
3632	11343	2
3772	11343	2
3838	11343	2
3858	11343	2
4012	11343	2
605	11344	2
2068	11344	2
2603	11344	2
3125	11344	2
342	11345	2
497	11345	2
586	11345	2
703	11345	2
1146	11345	2
1288	11345	2
1408	11345	2
1602	11345	2
1744	11345	2
1829	11345	2
2268	11345	2
2501	11345	2
3289	11345	2
3730	11345	2
9	11347	2
656	11348	2
1424	11353	2
123	11354	2
705	11354	2
1025	11354	2
1064	11354	2
1067	11354	2
1173	11354	2
1235	11354	2
1269	11354	2
1322	11354	2
1371	11354	2
1424	11354	2
1445	11354	2
1455	11354	2
1613	11354	2
1780	11354	2
1786	11354	2
1810	11354	2
1817	11354	2
1824	11354	2
1830	11354	2
1906	11354	2
2143	11354	2
2310	11354	2
2348	11354	2
2400	11354	2
2449	11354	2
2492	11354	2
2505	11354	2
2515	11354	2
2521	11354	2
2621	11354	2
2715	11354	2
2725	11354	2
2726	11354	2
2727	11354	2
2728	11354	2
2731	11354	2
2743	11354	2
2772	11354	2
2795	11354	2
2839	11354	2
2900	11354	2
2956	11354	2
2969	11354	2
2982	11354	2
3016	11354	2
3045	11354	2
3060	11354	2
3109	11354	2
4023	11354	2
4152	11354	2
4011	11355	2
4026	11355	2
21	11356	2
1723	11356	2
1818	11356	2
2014	11356	2
3153	11356	2
3358	11356	2
3639	11356	2
3326	11357	2
2568	11358	2
2686	11359	2
2642	11360	2
145	11361	2
3410	11361	2
2210	11362	2
2691	11362	2
1172	11363	2
1460	11363	2
2417	11363	2
2817	11363	2
3368	11363	2
1146	11364	2
1425	11364	2
1464	11364	2
3875	11364	2
3888	11364	2
3947	11364	2
4065	11364	2
659	11365	2
1066	11365	2
3040	11365	2
3415	11365	2
3921	11365	2
1270	11366	2
1717	11367	2
2715	11367	2
860	11369	2
866	11369	2
3627	11369	2
1393	11370	2
1464	11370	2
1675	11370	2
1806	11370	2
2486	11370	2
3919	11370	2
4064	11370	2
862	11371	2
393	11373	2
435	11375	2
711	11375	2
1380	11375	2
2210	11375	2
2291	11375	2
2604	11375	2
2717	11375	2
2729	11375	2
2791	11375	2
2901	11375	2
2984	11375	2
3020	11375	2
3101	11375	2
141	11376	2
477	11376	2
2213	11376	2
2947	11376	2
834	11377	2
1648	11377	2
1524	11379	2
4053	11379	2
1393	11381	2
970	11382	2
1079	11382	2
1830	11382	2
2756	11382	2
2839	11382	2
3397	11382	2
3868	11382	2
393	11385	2
457	11386	2
1035	11386	2
260	11387	2
574	11387	2
772	11387	2
833	11387	2
2682	11387	2
3521	11388	2
1525	11390	2
2544	11390	2
2698	11390	2
3039	11390	2
110	11392	2
112	11392	2
130	11392	2
134	11392	2
213	11392	2
231	11392	2
247	11392	2
282	11392	2
289	11392	2
331	11392	2
365	11392	2
379	11392	2
505	11392	2
513	11392	2
598	11392	2
879	11392	2
935	11392	2
986	11392	2
3324	11392	2
3625	11392	2
334	11393	2
795	11393	2
3032	11393	2
1253	11396	2
2371	11396	2
307	11397	2
1360	11397	2
2269	11397	2
3050	11397	2
258	11398	2
389	11398	2
1675	11398	2
2355	11398	2
2866	11398	2
705	11399	2
2769	11399	2
270	11401	2
586	11401	2
2633	11401	2
3681	11401	2
1928	11402	2
1147	11403	2
1451	11403	2
3947	11403	2
1167	11404	2
1413	11404	2
1473	11404	2
1100	11405	2
2642	11406	2
3886	11406	2
1587	11408	2
2390	11408	2
3155	11408	2
3210	11410	2
3347	11410	2
1566	11412	2
1897	11412	2
1925	11412	2
1978	11412	2
3436	11412	2
3581	11412	2
3848	11412	2
3936	11412	2
3990	11412	2
4146	11412	2
1256	11413	2
3281	11413	2
270	11414	2
2972	11414	2
2999	11414	2
2384	11415	2
253	11416	2
60	11418	2
78	11418	2
393	11418	2
2341	11419	2
223	11422	2
400	11422	2
462	11422	2
502	11422	2
1516	11422	2
1780	11422	2
1886	11422	2
2184	11422	2
2390	11422	2
2515	11422	2
2947	11422	2
3159	11422	2
3215	11422	2
3381	11422	2
3653	11422	2
3886	11422	2
4053	11422	2
4088	11422	2
4091	11422	2
1824	11423	2
2276	11423	2
225	11424	2
566	11424	2
767	11424	2
1501	11424	2
1723	11424	2
2801	11424	2
3254	11424	2
3458	11424	2
671	11425	2
2969	11425	2
2973	11429	2
3040	11430	2
103	11432	2
314	11432	2
469	11432	2
534	11432	2
557	11432	2
696	11432	2
736	11432	2
739	11432	2
744	11432	2
870	11432	2
996	11432	2
1047	11432	2
1050	11432	2
1066	11432	2
1086	11432	2
1102	11432	2
1116	11432	2
1132	11432	2
1147	11432	2
1148	11432	2
1150	11432	2
1178	11432	2
1213	11432	2
1214	11432	2
1220	11432	2
1244	11432	2
1249	11432	2
1264	11432	2
1270	11432	2
1288	11432	2
1311	11432	2
1337	11432	2
1370	11432	2
1375	11432	2
1394	11432	2
1406	11432	2
1408	11432	2
1413	11432	2
1426	11432	2
1428	11432	2
1447	11432	2
1481	11432	2
1487	11432	2
1494	11432	2
1496	11432	2
1543	11432	2
1552	11432	2
1562	11432	2
1587	11432	2
1588	11432	2
1628	11432	2
1641	11432	2
1648	11432	2
1688	11432	2
1706	11432	2
1710	11432	2
1720	11432	2
1726	11432	2
1744	11432	2
1762	11432	2
1791	11432	2
1825	11432	2
1841	11432	2
1845	11432	2
1855	11432	2
1857	11432	2
1865	11432	2
1879	11432	2
1882	11432	2
1889	11432	2
1923	11432	2
1947	11432	2
1951	11432	2
1958	11432	2
2014	11432	2
2023	11432	2
2278	11432	2
2596	11432	2
2908	11432	2
3905	11432	2
4084	11432	2
1664	11433	2
1743	11433	2
174	11435	2
1588	11435	2
2807	11435	2
2920	11435	2
3963	11435	2
61	11436	2
231	11436	2
246	11436	2
254	11436	2
270	11436	2
344	11436	2
357	11436	2
427	11436	2
598	11436	2
1124	11436	2
1172	11436	2
1360	11436	2
1418	11436	2
1424	11436	2
2176	11436	2
2339	11436	2
2413	11436	2
2587	11436	2
2823	11436	2
3153	11436	2
3221	11436	2
3368	11436	2
3459	11436	2
3793	11436	2
3800	11436	2
3865	11436	2
3866	11436	2
4115	11436	2
4136	11436	2
200	11438	2
331	11438	2
334	11438	2
412	11438	2
435	11438	2
685	11438	2
1238	11438	2
2956	11438	2
3400	11438	2
3609	11438	2
3655	11438	2
523	11439	2
611	11439	2
621	11439	2
1224	11439	2
1256	11439	2
1351	11439	2
1392	11439	2
1412	11439	2
1464	11439	2
1505	11439	2
1807	11439	2
1829	11439	2
1906	11439	2
1941	11439	2
2023	11439	2
2268	11439	2
2324	11439	2
2538	11439	2
2726	11439	2
2727	11439	2
2776	11439	2
2817	11439	2
2982	11439	2
3101	11439	2
3299	11439	2
3503	11439	2
3532	11439	2
3609	11439	2
3700	11439	2
3772	11439	2
4012	11439	2
4101	11439	2
4109	11439	2
4133	11439	2
26	11442	2
642	11442	2
2143	11442	2
619	11443	2
897	11443	2
2184	11443	2
48	11444	2
148	11444	2
338	11444	2
506	11444	2
669	11444	2
739	11444	2
898	11444	2
151	11445	2
424	11445	2
543	11445	2
763	11445	2
776	11445	2
878	11445	2
1220	11445	2
1530	11445	2
2346	11445	2
2446	11445	2
2946	11445	2
3430	11445	2
3469	11445	2
3574	11445	2
3609	11445	2
195	11448	2
1830	11448	2
2531	11448	2
2869	11448	2
3442	11448	2
3858	11448	2
73	11451	2
1298	11452	2
1501	11452	2
1527	11452	2
3753	11452	2
1147	11454	2
1710	11454	2
1527	11455	2
1298	11456	2
9	11457	2
357	11457	2
365	11457	2
412	11457	2
1067	11457	2
1235	11457	2
1807	11457	2
2049	11457	2
2889	11457	2
2995	11457	2
3040	11457	2
3526	11457	2
3861	11457	2
38	11459	2
656	11459	2
751	11459	2
911	11459	2
1246	11459	2
1269	11459	2
1409	11459	2
1780	11459	2
1789	11459	2
1817	11459	2
1824	11459	2
1825	11459	2
1847	11459	2
1941	11459	2
2136	11459	2
2220	11459	2
2486	11459	2
2729	11459	2
2968	11459	2
3226	11459	2
3512	11459	2
3939	11459	2
1101	11460	2
1438	11460	2
1482	11460	2
3177	11460	2
3653	11460	2
1516	11463	2
1569	11463	2
3098	11465	2
1371	11467	2
4088	11467	2
1106	11468	2
2604	11468	2
1947	11469	2
184	11470	2
213	11470	2
254	11470	2
266	11470	2
362	11470	2
435	11470	2
554	11470	2
570	11470	2
573	11470	2
605	11470	2
620	11470	2
725	11470	2
726	11470	2
3324	11470	2
1897	11471	2
498	11472	2
533	11472	2
619	11472	2
675	11472	2
897	11472	2
935	11472	2
1088	11472	2
1520	11472	2
1569	11472	2
1592	11472	2
3843	11472	2
3028	11473	2
656	11478	2
788	11478	2
816	11478	2
1050	11478	2
1167	11478	2
1710	11478	2
1847	11478	2
2117	11478	2
2993	11478	2
2999	11478	2
3045	11478	2
3291	11478	2
3410	11478	2
3778	11478	2
2946	11479	2
3472	11479	2
847	11481	2
1491	11481	2
134	11483	2
2265	11484	2
248	11485	2
2745	11485	2
23	11486	2
791	11486	2
903	11486	2
1958	11487	2
3400	11487	2
424	11489	2
833	11489	2
1007	11489	2
1351	11489	2
1405	11489	2
1889	11489	2
2143	11489	2
2253	11489	2
2400	11489	2
2857	11489	2
266	11490	2
383	11490	2
430	11490	2
538	11490	2
605	11490	2
1744	11490	2
2117	11490	2
2578	11490	2
2605	11490	2
3433	11490	2
451	11491	2
1089	11492	2
151	11493	2
831	11494	2
914	11494	2
1447	11494	2
1656	11494	2
2716	11494	2
538	11495	2
711	11495	2
2542	11495	2
2614	11495	2
2717	11495	2
2986	11495	2
3557	11495	2
206	11496	2
590	11498	2
3433	11498	2
1493	11501	2
659	11502	2
1408	11502	2
3117	11502	2
142	11503	2
1995	11503	2
2731	11503	2
3597	11503	2
313	11504	2
586	11504	2
760	11504	2
1491	11504	2
1520	11504	2
2412	11504	2
2551	11504	2
2696	11504	2
3627	11504	2
3700	11504	2
3775	11504	2
1114	11506	2
1235	11506	2
1067	11507	2
364	11508	2
642	11508	2
2147	11508	2
2384	11508	2
2544	11508	2
2614	11508	2
2776	11508	2
1721	11509	2
2478	11509	2
2725	11509	2
2726	11509	2
696	11510	2
1988	11510	2
248	11511	2
1047	11511	2
601	11513	2
668	11513	2
1087	11513	2
870	11515	2
1178	11515	2
1270	11515	2
1288	11515	2
1375	11515	2
1394	11515	2
1742	11515	2
1855	11515	2
1865	11515	2
4115	11515	2
557	11516	2
736	11516	2
870	11516	2
1106	11516	2
1214	11516	2
1433	11516	2
1481	11516	2
1539	11516	2
1588	11516	2
1641	11516	2
1648	11516	2
1649	11516	2
1650	11516	2
1730	11516	2
1806	11516	2
2908	11516	2
2255	11517	2
1203	11519	2
51	11520	2
85	11520	2
398	11520	2
566	11520	2
695	11520	2
1100	11520	2
1472	11520	2
1501	11520	2
2525	11520	2
2857	11520	2
2907	11520	2
2988	11520	2
3210	11520	2
195	11521	2
234	11523	2
1562	11523	2
3488	11523	2
99	11524	2
427	11524	2
1412	11524	2
3516	11524	2
3766	11524	2
3957	11524	2
4011	11524	2
3155	11525	2
602	11526	2
2459	11526	2
141	11527	2
590	11527	2
816	11527	2
2429	11527	2
2168	11529	2
2176	11529	2
2833	11529	2
2256	11531	2
206	11532	2
912	11532	2
1311	11532	2
2247	11532	2
134	11533	2
903	11534	2
1524	11534	2
2207	11534	2
2664	11534	2
2850	11534	2
29	11536	2
331	11536	2
2116	11536	2
3016	11537	2
554	11542	2
2633	11542	2
3491	11542	2
3195	11544	2
3699	11544	2
3082	11545	2
421	11546	2
1879	11548	2
3374	11548	2
1152	11549	2
2486	11549	2
2721	11549	2
3160	11551	2
3275	11551	2
103	11552	2
619	11552	2
1244	11553	2
2565	11554	2
2988	11554	2
1464	11555	2
1482	11555	2
1497	11555	2
1545	11555	2
1617	11555	2
1631	11555	2
1807	11555	2
2631	11555	2
3818	11555	2
4047	11555	2
1150	11556	2
1238	11557	2
1256	11557	2
2817	11557	2
220	11558	2
427	11558	2
884	11558	2
2012	11559	2
2478	11559	2
1698	11560	2
674	11561	2
1148	11561	2
1487	11563	2
29	11568	2
234	11568	2
811	11568	2
1235	11568	2
1487	11568	2
1562	11568	2
465	11570	2
795	11570	2
1224	11570	2
1360	11570	2
1464	11570	2
2147	11570	2
2176	11570	2
2231	11570	2
2478	11570	2
2972	11570	2
3400	11570	2
3564	11570	2
3700	11570	2
3790	11570	2
3891	11570	2
4109	11570	2
1615	11571	2
1763	11571	2
246	11572	2
2221	11572	2
2349	11572	2
3215	11572	2
1007	11573	2
2101	11573	2
2136	11573	2
3564	11573	2
3753	11573	2
1451	11574	2
2207	11574	2
2429	11574	2
2544	11574	2
2549	11574	2
2717	11574	2
2886	11574	2
2014	11575	2
130	11577	2
513	11577	2
588	11577	2
4076	11577	2
2728	11578	2
2916	11578	2
73	11579	2
90	11579	2
205	11579	2
220	11579	2
393	11579	2
498	11579	2
562	11579	2
585	11579	2
687	11579	2
754	11579	2
760	11579	2
831	11579	2
839	11579	2
896	11579	2
932	11579	2
1830	11579	2
2336	11579	2
2354	11579	2
2693	11579	2
3223	11579	2
3639	11579	2
3865	11579	2
2412	11585	2
2823	11585	2
1613	11586	2
2322	11586	2
2521	11586	2
2791	11586	2
711	11587	2
2367	11587	2
2489	11587	2
2984	11587	2
3101	11587	2
788	11588	2
3217	11589	2
3472	11589	2
3598	11589	2
2210	11590	2
78	11592	2
2751	11592	2
3117	11592	2
2127	11593	2
2482	11593	2
2489	11593	2
3195	11593	2
3430	11593	2
817	11594	2
106	11595	2
834	11595	2
2387	11595	2
2673	11595	2
2955	11595	2
695	11596	2
167	11597	2
2051	11597	2
2618	11602	2
2624	11602	2
1058	11603	2
2482	11603	2
3762	11603	2
3923	11603	2
1438	11604	2
225	11605	2
3488	11605	2
1426	11606	2
1494	11606	2
2626	11606	2
3032	11606	2
6	11607	2
38	11607	2
103	11607	2
145	11607	2
150	11607	2
299	11607	2
427	11607	2
862	11607	2
884	11607	2
896	11607	2
932	11607	2
940	11607	2
1447	11607	2
1539	11607	2
2278	11607	2
3306	11607	2
3309	11607	2
3545	11607	2
3915	11607	2
3942	11607	2
3980	11607	2
4114	11607	2
4140	11607	2
25	11608	2
73	11608	2
80	11608	2
122	11608	2
148	11608	2
151	11608	2
206	11608	2
208	11608	2
220	11608	2
230	11608	2
266	11608	2
355	11608	2
383	11608	2
430	11608	2
545	11608	2
570	11608	2
585	11608	2
605	11608	2
659	11608	2
687	11608	2
705	11608	2
788	11608	2
869	11608	2
912	11608	2
1012	11608	2
1064	11608	2
3223	11608	2
3263	11608	2
3381	11608	2
3503	11608	2
3557	11608	2
3639	11608	2
3811	11608	2
3850	11608	2
3865	11608	2
3905	11608	2
3935	11608	2
3957	11608	2
3981	11608	2
4004	11608	2
4023	11608	2
4026	11608	2
4062	11608	2
4111	11608	2
4136	11608	2
200	11609	2
421	11609	2
675	11609	2
817	11609	2
879	11609	2
3250	11609	2
4006	11609	2
3336	11610	2
3497	11610	2
4133	11610	2
1019	11612	2
1391	11612	2
1631	11612	2
1928	11612	2
1971	11612	2
3126	11612	2
3960	11612	2
253	11613	2
1012	11613	2
3403	11613	2
3357	11616	2
3581	11617	2
1173	11618	2
1322	11618	2
1493	11618	2
1566	11618	2
2049	11618	2
2278	11618	2
3233	11618	2
3291	11618	2
3491	11618	2
3686	11618	2
3819	11618	2
3919	11618	2
3940	11618	2
4053	11618	2
4062	11618	2
4079	11618	2
2654	11619	2
1147	11623	2
1256	11625	2
1488	11625	2
1525	11627	2
2106	11627	2
2231	11627	2
2276	11627	2
2328	11627	2
2370	11627	2
2429	11627	2
2475	11627	2
2544	11627	2
2551	11627	2
2560	11627	2
2587	11627	2
2757	11627	2
2916	11627	2
2956	11627	2
3033	11627	2
3039	11627	2
3096	11627	2
3971	11627	2
2654	11628	2
2028	11629	2
2168	11629	2
2176	11629	2
2256	11629	2
2509	11629	2
2795	11629	2
2858	11629	2
2884	11629	2
2012	11630	2
3766	11630	2
4120	11631	2
756	11633	2
502	11634	2
505	11634	2
299	11635	2
430	11635	2
668	11635	2
1460	11639	2
1760	11639	2
1865	11639	2
3060	11639	2
231	11640	2
2947	11640	2
833	11641	2
1392	11643	2
1445	11643	2
2512	11643	2
3215	11643	2
3623	11643	2
3681	11645	2
3	11646	2
29	11646	2
104	11646	2
242	11646	2
243	11646	2
307	11646	2
314	11646	2
394	11646	2
415	11646	2
498	11646	2
561	11646	2
570	11646	2
661	11646	2
668	11646	2
744	11646	2
878	11646	2
881	11646	2
1178	11646	2
1246	11646	2
1248	11646	2
1288	11646	2
1688	11646	2
1717	11646	2
1825	11646	2
1947	11646	2
1951	11646	2
1886	11647	2
2901	11647	2
551	11648	2
1178	11648	2
1522	11648	2
2995	11648	2
3990	11648	2
668	11649	2
1242	11649	2
1720	11649	2
23	11650	2
1571	11650	2
1587	11650	2
606	11651	2
1395	11651	2
2624	11651	2
3160	11651	2
3173	11651	2
3205	11651	2
3215	11651	2
3281	11651	2
3532	11651	2
3565	11651	2
3936	11651	2
3994	11651	2
4089	11651	2
4091	11651	2
1720	11652	2
1187	11653	2
1118	11654	2
1620	11654	2
505	11655	2
2053	11657	2
421	11659	2
898	11659	2
1394	11659	2
2068	11659	2
2138	11659	2
2346	11659	2
2568	11659	2
2804	11659	2
4115	11659	2
533	11660	2
2869	11660	2
3987	11660	2
533	11661	2
791	11661	2
1223	11661	2
2886	11661	2
1569	11662	2
487	11663	2
2647	11663	2
2916	11663	2
3571	11663	2
2247	11665	2
2526	11668	2
3175	11668	2
739	11671	2
1380	11671	2
1416	11671	2
2242	11671	2
2753	11671	2
2993	11671	2
331	11672	2
3497	11673	2
4057	11673	2
3101	11674	2
502	11676	2
3557	11677	2
104	11678	2
762	11678	2
1444	11678	2
2492	11678	2
3153	11678	2
3210	11678	2
3217	11678	2
3233	11678	2
3266	11678	2
3299	11678	2
3306	11678	2
3317	11678	2
3326	11678	2
3347	11678	2
3351	11678	2
3368	11678	2
3387	11678	2
3389	11678	2
3392	11678	2
3407	11678	2
3415	11678	2
3436	11678	2
3442	11678	2
3465	11678	2
3472	11678	2
3473	11678	2
3475	11678	2
3503	11678	2
3512	11678	2
3564	11678	2
3571	11678	2
3574	11678	2
3581	11678	2
3627	11678	2
3632	11678	2
3638	11678	2
3671	11678	2
3686	11678	2
3700	11678	2
3701	11678	2
3725	11678	2
3738	11678	2
3750	11678	2
3753	11678	2
3762	11678	2
3772	11678	2
3775	11678	2
3793	11678	2
3795	11678	2
3800	11678	2
3807	11678	2
3809	11678	2
3838	11678	2
3855	11678	2
3866	11678	2
3877	11678	2
3891	11678	2
3928	11678	2
3939	11678	2
3960	11678	2
3963	11678	2
3971	11678	2
3981	11678	2
3996	11678	2
4041	11678	2
4057	11678	2
4089	11678	2
4101	11678	2
4106	11678	2
4109	11678	2
4133	11678	2
4146	11678	2
4148	11678	2
2822	11681	2
3469	11681	2
3526	11681	2
3873	11681	2
4084	11684	2
516	11685	2
20	11686	2
278	11686	2
1231	11686	2
1516	11686	2
1602	11686	2
2028	11686	2
2833	11686	2
1493	11687	2
3936	11687	2
2217	11688	2
2633	11688	2
3855	11688	2
4076	11688	2
2255	11689	2
3475	11690	2
586	11691	2
642	11691	2
1043	11691	2
1047	11691	2
1100	11691	2
1116	11691	2
1150	11691	2
1406	11691	2
1587	11691	2
1684	11691	2
1688	11691	2
1726	11691	2
1752	11691	2
1829	11691	2
1897	11691	2
1978	11691	2
2446	11691	2
2501	11691	2
2716	11691	2
267	11692	2
314	11692	2
1058	11692	2
1089	11692	2
1147	11692	2
1223	11692	2
1244	11692	2
1249	11692	2
1264	11692	2
1486	11692	2
1556	11692	2
1664	11692	2
1696	11692	2
1732	11692	2
1858	11692	2
1882	11692	2
1923	11692	2
1925	11692	2
1960	11692	2
2014	11692	2
2026	11692	2
2036	11692	2
2715	11692	2
2720	11692	2
518	11695	2
388	11696	2
1019	11696	2
1093	11696	2
1473	11696	2
145	11698	2
287	11698	2
1089	11698	2
2022	11698	2
2062	11698	2
3985	11698	2
1735	11700	2
25	11701	2
146	11701	2
272	11701	2
506	11701	2
896	11701	2
1108	11701	2
1231	11701	2
1337	11701	2
1371	11701	2
2268	11702	2
999	11705	2
80	11706	2
506	11706	2
2907	11706	2
289	11707	2
415	11707	2
961	11707	2
999	11707	2
3793	11707	2
307	11708	2
2725	11708	2
20	11709	2
411	11709	2
487	11709	2
1613	11709	2
3455	11709	2
1385	11710	2
3430	11710	2
925	11711	2
3526	11711	2
225	11714	2
489	11714	2
606	11714	2
881	11714	2
934	11714	2
1298	11714	2
1522	11714	2
1620	11714	2
2184	11714	2
2482	11714	2
2511	11714	2
2832	11714	2
2834	11714	2
2973	11714	2
3050	11714	2
3138	11714	2
3177	11714	2
3275	11714	2
3470	11714	2
3596	11714	2
3623	11714	2
3638	11714	2
3655	11714	2
3703	11714	2
3756	11714	2
3774	11714	2
3915	11714	2
3919	11714	2
3963	11714	2
3969	11714	2
3985	11714	2
3987	11714	2
4011	11714	2
4062	11714	2
4067	11714	2
4079	11714	2
4101	11714	2
553	11715	2
2184	11716	2
2279	11716	2
2371	11716	2
3226	11716	2
3414	11716	2
3804	11716	2
3855	11717	2
1375	11718	2
2096	11718	2
2136	11719	2
451	11720	2
756	11720	2
925	11720	2
1351	11720	2
1405	11720	2
3777	11720	2
3921	11720	2
2807	11721	2
791	11724	2
1203	11724	2
1007	11725	2
1043	11725	2
1055	11725	2
1093	11725	2
1473	11725	2
1501	11725	2
1508	11725	2
1728	11725	2
1798	11725	2
2051	11725	2
2339	11725	2
3383	11725	2
3681	11725	2
3940	11725	2
25	11726	2
266	11726	2
273	11726	2
350	11726	2
430	11726	2
516	11726	2
621	11726	2
879	11726	2
1409	11726	2
1418	11726	2
1446	11726	2
2053	11726	2
2239	11726	2
2240	11726	2
2279	11726	2
2889	11726	2
2946	11726	2
3275	11726	2
3597	11726	2
3778	11726	2
3793	11726	2
3935	11726	2
3938	11726	2
4111	11726	2
336	11727	2
2822	11727	2
2265	11728	2
2603	11728	2
4073	11728	2
2406	11729	2
2621	11729	2
1235	11730	2
1482	11730	2
2698	11730	2
180	11731	2
656	11731	2
911	11731	2
1789	11731	2
2220	11731	2
4106	11731	2
553	11733	2
1957	11733	2
703	11734	2
1118	11734	2
1639	11734	2
1736	11734	2
557	11735	2
760	11735	2
1025	11735	2
1394	11735	2
1744	11735	2
1837	11735	2
2028	11735	2
2908	11735	2
3549	11735	2
996	11736	2
1395	11736	2
1441	11736	2
1545	11736	2
1622	11736	2
1728	11736	2
1730	11736	2
1857	11736	2
1995	11736	2
262	11738	2
831	11738	2
669	11739	2
17	11740	2
272	11740	2
828	11740	2
834	11740	2
2321	11740	2
3032	11740	2
4041	11740	2
17	11741	2
234	11741	2
3648	11742	2
3774	11742	2
314	11743	2
795	11743	2
1116	11743	2
1150	11743	2
1723	11743	2
1829	11743	2
2322	11743	2
2996	11743	2
3935	11743	2
258	11744	2
489	11744	2
586	11744	2
1034	11744	2
1100	11744	2
1133	11744	2
1146	11744	2
1684	11744	2
1696	11744	2
1717	11744	2
1857	11744	2
1972	11744	2
3173	11744	2
2268	11745	2
2731	11745	2
1845	11747	2
60	11748	2
762	11749	2
3980	11749	2
2363	11750	2
1087	11751	2
61	11753	2
225	11753	2
489	11753	2
1124	11753	2
1455	11753	2
1571	11753	2
1607	11753	2
1995	11753	2
3699	11753	2
3848	11753	2
1248	11754	2
1350	11754	2
2386	11754	2
2213	11757	2
2459	11757	2
2515	11757	2
3795	11757	2
4062	11759	2
3063	11760	2
2052	11761	2
1066	11762	2
1133	11762	2
2488	11763	2
1941	11768	2
2995	11768	2
4120	11768	2
344	11769	2
129	11771	2
272	11771	2
1405	11771	2
2367	11771	2
2717	11772	2
1451	11773	2
2101	11773	2
2371	11773	2
2429	11773	2
2907	11773	2
2979	11773	2
3020	11773	2
3196	11773	2
208	11775	2
1491	11775	2
3501	11775	2
523	11776	2
1488	11776	2
3469	11776	2
248	11777	2
1667	11777	2
2213	11777	2
2459	11777	2
2520	11777	2
2659	11777	2
3221	11777	2
3819	11777	2
3865	11777	2
3866	11777	2
1220	11778	2
1838	11778	2
1147	11780	2
1204	11780	2
1445	11780	2
3996	11780	2
205	11781	2
223	11781	2
674	11781	2
884	11781	2
1034	11781	2
1242	11781	2
1406	11781	2
1578	11781	2
1971	11781	2
2591	11781	2
3472	11781	2
3971	11781	2
1500	11783	2
48	11785	2
247	11785	2
2116	11785	2
3875	11787	2
3762	11789	2
3923	11789	2
238	11790	2
661	11790	2
1455	11790	2
1988	11790	2
2324	11790	2
3159	11790	2
230	11791	2
287	11791	2
1675	11794	2
2072	11794	2
2117	11794	2
2817	11794	2
2973	11794	2
85	11795	2
104	11795	2
353	11795	2
313	11798	2
383	11798	2
1025	11798	2
2614	11798	2
3223	11798	2
2834	11799	2
457	11800	2
860	11800	2
866	11800	2
986	11800	2
1035	11800	2
1050	11800	2
1428	11800	2
412	11801	2
789	11801	2
811	11802	2
820	11802	2
1012	11802	2
1167	11802	2
1315	11802	2
1496	11802	2
1988	11802	2
3952	11802	2
1102	11803	2
1889	11803	2
3901	11805	2
150	11806	2
1032	11806	2
1231	11806	2
1288	11806	2
1409	11806	2
2269	11806	2
3117	11806	2
3403	11806	2
3888	11806	2
4148	11806	2
886	11807	2
1050	11807	2
1550	11807	2
1641	11807	2
2756	11807	2
3125	11807	2
3306	11807	2
702	11808	2
1549	11808	2
1721	11808	2
2339	11808	2
3915	11809	2
51	11810	2
1021	11810	2
1698	11810	2
1857	11810	2
2392	11810	2
2686	11810	2
3121	11810	2
3218	11810	2
3351	11810	2
3458	11810	2
3848	11810	2
4026	11810	2
1413	11811	2
3543	11812	2
1728	11813	2
1845	11814	2
364	11819	2
2866	11820	2
2986	11820	2
457	11821	2
3236	11821	2
2118	11822	2
3521	11822	2
3731	11822	2
3782	11822	2
4072	11822	2
4088	11822	2
3154	11823	2
1064	11825	2
1371	11825	2
1451	11825	2
1786	11825	2
1798	11825	2
1810	11825	2
2406	11825	2
2621	11825	2
3016	11825	2
184	11826	2
460	11826	2
1079	11826	2
2321	11826	2
2515	11826	2
3397	11826	2
3969	11826	2
3101	11827	2
704	11828	2
789	11828	2
2716	11828	2
2143	11830	2
2336	11831	2
106	11832	2
112	11832	2
213	11832	2
243	11832	2
301	11832	2
338	11832	2
357	11832	2
365	11832	2
371	11832	2
394	11832	2
398	11832	2
518	11832	2
601	11832	2
725	11832	2
765	11832	2
934	11832	2
935	11832	2
986	11832	2
1491	11832	2
1500	11832	2
1556	11832	2
2106	11832	2
2328	11832	2
2348	11832	2
2406	11832	2
2542	11832	2
2551	11832	2
2691	11832	2
2704	11832	2
2716	11832	2
2743	11832	2
2748	11832	2
2769	11832	2
2804	11832	2
2807	11832	2
2878	11832	2
3159	11832	2
3173	11832	2
3200	11832	2
3241	11832	2
3324	11832	2
3326	11832	2
3432	11832	2
3473	11832	2
3475	11832	2
3980	11832	2
4084	11832	2
9	11834	2
29	11834	2
60	11834	2
80	11834	2
99	11834	2
110	11834	2
231	11834	2
260	11834	2
289	11834	2
331	11834	2
460	11834	2
497	11834	2
513	11834	2
573	11834	2
598	11834	2
687	11834	2
726	11834	2
751	11834	2
762	11834	2
963	11834	2
1791	11834	2
1960	11834	2
2096	11834	2
2154	11834	2
2295	11834	2
2341	11834	2
2446	11834	2
2475	11834	2
2528	11834	2
2682	11834	2
2696	11834	2
2756	11834	2
2817	11834	2
2991	11834	2
3250	11834	2
3266	11834	2
3378	11834	2
3509	11834	2
3686	11834	2
3762	11834	2
3793	11834	2
3795	11834	2
3800	11834	2
3836	11834	2
4041	11834	2
4142	11834	2
4148	11834	2
4149	11834	2
585	11835	2
878	11835	2
1288	11836	2
2406	11838	2
282	11839	2
1203	11839	2
2772	11839	2
2900	11839	2
3432	11839	2
3850	11839	2
3868	11839	2
2772	11840	2
3109	11840	2
238	11842	2
253	11842	2
1728	11842	2
2062	11842	2
2618	11842	2
180	11843	2
409	11843	2
469	11843	2
1744	11843	2
1896	11843	2
1957	11843	2
2291	11843	2
3383	11843	2
3442	11843	2
2154	11844	2
37	11845	2
421	11846	2
590	11846	2
619	11846	2
754	11846	2
1425	11846	2
1446	11846	2
1895	11846	2
2231	11846	2
2310	11846	2
2336	11846	2
2549	11846	2
2626	11846	2
2956	11846	2
2972	11846	2
3362	11846	2
3971	11846	2
1915	11847	2
2363	11847	2
2492	11847	2
3173	11847	2
3218	11847	2
3254	11847	2
3491	11847	2
3557	11847	2
3565	11847	2
3627	11847	2
3861	11847	2
3960	11847	2
3973	11847	2
1077	11848	2
3905	11848	2
1713	11849	2
2413	11849	2
3289	11849	2
3491	11849	2
1805	11850	2
334	11852	2
1077	11852	2
1259	11852	2
1376	11852	2
1475	11852	2
1481	11852	2
1564	11852	2
1607	11852	2
1725	11852	2
1841	11852	2
1879	11852	2
1906	11852	2
2053	11852	2
2354	11852	2
2392	11852	2
3154	11852	2
3183	11852	2
3190	11852	2
3202	11852	2
3266	11852	2
3284	11852	2
3374	11852	2
3392	11852	2
3475	11852	2
3543	11852	2
3549	11852	2
3724	11852	2
3776	11852	2
3790	11852	2
3818	11852	2
3877	11852	2
3901	11852	2
3928	11852	2
3952	11852	2
3963	11852	2
3981	11852	2
4057	11852	2
4064	11852	2
4073	11852	2
4085	11852	2
4140	11852	2
3175	11853	2
3324	11853	2
3509	11853	2
3858	11853	2
2618	11854	2
2624	11854	2
1152	11856	2
2221	11856	2
2246	11856	2
2486	11856	2
2560	11856	2
2753	11856	2
2791	11856	2
3525	11858	2
2696	11859	2
996	11860	2
1106	11862	2
932	11863	2
996	11863	2
1256	11863	2
1395	11863	2
1441	11863	2
1488	11863	2
1545	11863	2
1622	11863	2
1728	11863	2
1730	11863	2
1857	11863	2
1995	11863	2
2117	11863	2
2213	11863	2
2706	11863	2
3126	11863	2
26	11866	2
114	11866	2
477	11866	2
762	11866	2
2704	11866	2
3648	11866	2
3671	11866	2
3807	11866	2
3994	11866	2
403	11867	2
1841	11867	2
2631	11867	2
3414	11867	2
772	11868	2
884	11868	2
1408	11868	2
1337	11869	2
1444	11869	2
1807	11869	2
3199	11869	2
3521	11869	2
3848	11869	2
3868	11869	2
3921	11869	2
4085	11869	2
4088	11869	2
811	11875	2
2693	11875	2
3552	11875	2
412	11878	2
1805	11879	2
2704	11879	2
2729	11879	2
3549	11879	2
4146	11879	2
247	11880	2
344	11880	2
502	11880	2
532	11880	2
1752	11880	2
1806	11880	2
2984	11880	2
60	11881	2
247	11881	2
2900	11882	2
3060	11882	2
3362	11882	2
1995	11883	2
1311	11884	2
1896	11884	2
3389	11885	2
3632	11885	2
3838	11885	2
150	11887	2
336	11887	2
489	11887	2
702	11887	2
1187	11887	2
1351	11887	2
1455	11887	2
1539	11887	2
1649	11887	2
1650	11887	2
2272	11887	2
2385	11887	2
2482	11887	2
2756	11887	2
2908	11887	2
248	11888	2
671	11888	2
1047	11888	2
1155	11888	2
1317	11888	2
1639	11888	2
1656	11888	2
1935	11888	2
2647	11888	2
2720	11888	2
411	11889	2
3138	11891	2
3843	11891	2
4065	11892	2
4111	11892	2
246	11894	2
2885	11895	2
2102	11897	2
2170	11897	2
2390	11897	2
2907	11897	2
4072	11897	2
1445	11899	2
4136	11899	2
3110	11902	2
1527	11903	2
1810	11905	2
78	11906	2
499	11906	2
766	11906	2
1736	11906	2
195	11908	2
441	11908	2
789	11908	2
1106	11909	2
1084	11910	2
1742	11910	2
3165	11910	2
99	11911	2
301	11911	2
1224	11911	2
1497	11911	2
1706	11911	2
2012	11911	2
2474	11911	2
2538	11911	2
3378	11911	2
3407	11911	2
3458	11911	2
3516	11911	2
3795	11911	2
3990	11911	2
2540	11912	2
2387	11913	2
2605	11913	2
3965	11913	2
1433	11916	2
1664	11917	2
1743	11917	2
2272	11917	2
656	11918	2
2147	11918	2
1269	11919	2
1649	11919	2
1786	11920	2
3572	11921	2
2102	11922	2
4004	11923	2
1079	11924	2
3397	11924	2
3819	11924	2
3865	11924	2
3866	11924	2
3028	11925	2
2247	11926	2
2242	11927	2
200	11929	2
2474	11929	2
301	11930	2
776	11930	2
2664	11930	2
3	11932	2
123	11932	2
362	11932	2
388	11932	2
772	11932	2
2349	11932	2
2072	11933	2
117	11934	2
961	11934	2
2807	11934	2
704	11935	2
1253	11935	2
1556	11935	2
1841	11935	2
3636	11935	2
3701	11935	2
3807	11935	2
4149	11935	2
3	11938	2
17	11938	2
25	11938	2
26	11938	2
136	11938	2
234	11938	2
705	11938	2
756	11938	2
797	11938	2
828	11938	2
1066	11938	2
1084	11938	2
1101	11938	2
1522	11938	2
1530	11938	2
1648	11938	2
1650	11938	2
1742	11938	2
1885	11938	2
2118	11938	2
2239	11938	2
2240	11938	2
2278	11938	2
2279	11938	2
2832	11938	2
3336	11938	2
3337	11938	2
3358	11938	2
3414	11938	2
3465	11938	2
3572	11938	2
3598	11938	2
3653	11938	2
3731	11938	2
3782	11938	2
3804	11938	2
3850	11938	2
3905	11938	2
3915	11938	2
3957	11938	2
3981	11938	2
4004	11938	2
4012	11938	2
4106	11938	2
4140	11938	2
703	11940	2
1322	11940	2
1460	11940	2
1527	11940	2
1923	11940	2
2367	11940	2
3921	11940	2
3358	11943	2
3598	11943	2
2295	11944	2
1035	11945	2
174	11946	2
1789	11946	2
2096	11946	2
1639	11947	2
2406	11947	2
2621	11947	2
2565	11948	2
4120	11948	2
611	11949	2
2154	11949	2
532	11950	2
3985	11950	2
2511	11953	2
2656	11955	2
