2851	4154	1
3150	4155	1
3118	4156	1
76	4160	1
3130	4161	1
742	4168	1
4110	4174	1
1191	4175	1
368	4176	1
368	4177	1
1604	4179	1
2480	4179	1
3118	4179	1
1177	4187	1
1750	4187	1
2930	4189	1
3025	4193	1
1616	4196	1
3881	4200	1
1761	4201	1
1533	4204	1
2514	4205	1
778	4213	1
2135	4216	1
3841	4218	1
591	4219	1
118	4221	1
782	4221	1
1756	4222	1
292	4226	1
280	4227	1
320	4228	1
1151	4229	1
1379	4229	1
2938	4229	1
3081	4229	1
3555	4229	1
4099	4229	1
1727	4231	1
1509	4233	1
2129	4236	1
660	4237	1
1983	4237	1
3170	4238	1
3170	4239	1
2264	4240	1
2280	4242	1
3595	4244	1
2432	4251	1
4058	4253	1
372	4260	1
979	4260	1
3975	4260	1
319	4261	1
1502	4261	1
1557	4261	1
1558	4261	1
1559	4261	1
1565	4261	1
1609	4261	1
1953	4262	1
3270	4262	1
3386	4262	1
3453	4262	1
3651	4262	1
2977	4264	1
1227	4267	1
509	4269	1
2851	4273	1
125	4274	1
1339	4274	1
2289	4278	1
2197	4279	1
2589	4279	1
3051	4279	1
2570	4280	1
2589	4280	1
3027	4280	1
2977	4283	1
3027	4284	1
2432	4290	1
753	4291	1
653	4292	1
139	4293	1
4022	4295	1
2436	4297	1
1492	4298	1
4054	4301	1
127	4302	1
2609	4308	1
2333	4309	1
735	4310	1
942	4310	1
1226	4311	1
2142	4313	1
2331	4313	1
2710	4313	1
3004	4313	1
3041	4313	1
927	4314	1
1127	4315	1
1232	4316	1
1232	4317	1
958	4322	1
958	4323	1
3329	4324	1
3555	4325	1
1109	4329	1
1399	4329	1
1109	4330	1
3163	4332	1
3579	4332	1
3070	4337	1
3977	4341	1
3620	4344	1
3808	4345	1
3779	4347	1
1815	4348	1
404	4350	1
657	4350	1
663	4351	1
3688	4353	1
657	4355	1
3640	4356	1
493	4362	1
500	4362	1
369	4370	1
713	4370	1
863	4370	1
948	4370	1
1198	4370	1
1576	4370	1
2905	4374	1
985	4375	1
1851	4379	1
1381	4380	1
1120	4382	1
994	4384	1
683	4385	1
1627	4389	1
1627	4390	1
1815	4393	1
1686	4394	1
4104	4396	1
1049	4398	1
1193	4398	1
1619	4398	1
1985	4398	1
2107	4398	1
863	4399	1
1576	4399	1
1098	4405	1
479	4406	1
1576	4408	1
320	4409	1
747	4410	1
846	4410	1
1753	4411	1
920	4414	1
1749	4414	1
1293	4417	1
1201	4419	1
1419	4419	1
3894	4419	1
1268	4420	1
2967	4421	1
2533	4425	1
846	4426	1
479	4430	1
571	4430	1
957	4430	1
1749	4430	1
4054	4430	1
1761	4433	1
665	4436	1
1753	4437	1
1243	4438	1
1219	4440	1
1419	4440	1
3841	4440	1
401	4443	1
466	4443	1
467	4443	1
470	4443	1
926	4443	1
3247	4443	1
1293	4444	1
855	4445	1
1739	4445	1
1177	4450	1
1563	4450	1
1750	4450	1
1815	4451	1
3354	4452	1
1609	4454	1
317	4456	1
733	4457	1
745	4457	1
1324	4457	1
1986	4457	1
3904	4457	1
1293	4460	1
1349	4460	1
3542	4461	1
1623	4464	1
1623	4465	1
706	4468	1
3344	4472	1
778	4473	1
3316	4474	1
1243	4475	1
1718	4475	1
2048	4475	1
3842	4475	1
3910	4475	1
1125	4479	1
3906	4480	1
1623	4481	1
2055	4482	1
2142	4485	1
1492	4486	1
1271	4487	1
1570	4487	1
1884	4487	1
1997	4487	1
2016	4487	1
3949	4489	1
1271	4493	1
1570	4493	1
1884	4493	1
1098	4496	1
3955	4498	1
742	4500	1
3231	4501	1
3950	4504	1
3631	4510	1
153	4513	1
631	4513	1
757	4513	1
3017	4520	1
27	4521	1
377	4521	1
3538	4523	1
632	4527	1
944	4530	1
1877	4531	1
951	4535	1
467	4536	1
466	4537	1
467	4537	1
3247	4538	1
2783	4540	1
320	4541	1
993	4542	1
3595	4544	1
437	4545	1
170	4547	1
170	4548	1
3329	4548	1
664	4549	1
3172	4553	1
2044	4554	1
2197	4555	1
119	4561	1
2076	4561	1
2314	4561	1
15	4562	1
356	4562	1
1169	4563	1
2283	4563	1
2076	4564	1
2314	4564	1
3665	4565	1
2783	4566	1
218	4568	1
1216	4569	1
1709	4569	1
4040	4571	1
101	4574	1
858	4574	1
1273	4579	1
1499	4581	1
981	4582	1
649	4584	1
428	4585	1
1201	4590	1
1339	4590	1
1374	4590	1
1419	4590	1
3894	4590	1
3247	4591	1
891	4593	1
1365	4594	1
959	4595	1
2905	4595	1
2905	4596	1
1260	4597	1
1260	4598	1
956	4599	1
3321	4599	1
54	4602	1
1307	4603	1
1573	4603	1
636	4605	1
690	4605	1
892	4605	1
1110	4606	1
1551	4606	1
1098	4611	1
2781	4612	1
125	4615	1
100	4618	1
3944	4620	1
2333	4622	1
2333	4623	1
3049	4625	1
1986	4627	1
1014	4628	1
2687	4629	1
512	4635	1
958	4635	1
1929	4645	1
1929	4646	1
2002	4646	1
2003	4646	1
1459	4648	1
1179	4651	1
1398	4651	1
1452	4651	1
1503	4659	1
1504	4659	1
1504	4660	1
1503	4661	1
1504	4661	1
2954	4662	1
2424	4664	1
2071	4666	1
2071	4667	1
2815	4667	1
2073	4671	1
2073	4672	1
2477	4672	1
2074	4675	1
2074	4676	1
2710	4676	1
2948	4676	1
2076	4678	1
119	4679	1
2076	4679	1
2592	4679	1
2076	4680	1
119	4681	1
2076	4681	1
2314	4681	1
2076	4682	1
1368	4683	1
2675	4685	1
2397	4688	1
2397	4689	1
2891	4691	1
3073	4691	1
2891	4692	1
2891	4693	1
3073	4693	1
1185	4694	1
966	4695	1
2414	4697	1
3079	4699	1
3079	4700	1
2078	4701	1
3220	4706	1
2082	4708	1
2722	4709	1
2992	4709	1
3057	4709	1
3057	4710	1
3057	4711	1
3057	4712	1
2082	4713	1
2082	4714	1
2082	4715	1
2082	4716	1
2992	4718	1
2131	4719	1
2084	4726	1
1996	4727	1
2084	4727	1
2085	4731	1
2085	4732	1
3093	4732	1
2038	4738	1
2087	4739	1
2543	4739	1
2088	4740	1
2734	4741	1
2088	4742	1
2088	4743	1
2088	4744	1
2089	4745	1
2089	4746	1
2376	4747	1
2458	4747	1
735	4748	1
2433	4749	1
3094	4749	1
2091	4754	1
2091	4756	1
2091	4757	1
2842	4758	1
2781	4763	1
2093	4770	1
2093	4771	1
2226	4771	1
2119	4790	1
2098	4803	1
3282	4805	1
2149	4806	1
3027	4806	1
2099	4807	1
2099	4808	1
2099	4809	1
1024	4814	1
1028	4814	1
1339	4814	1
1374	4814	1
1585	4814	1
2595	4814	1
2836	4814	1
1232	4819	1
1956	4830	1
2677	4832	1
2394	4833	1
2395	4833	1
2197	4835	1
2107	4837	1
2766	4838	1
2546	4839	1
2108	4840	1
2108	4841	1
2109	4844	1
2109	4845	1
8	4847	1
8	4848	1
2546	4849	1
2112	4853	1
2738	4853	1
2777	4853	1
2780	4853	1
3075	4853	1
2592	4856	1
3075	4857	1
2738	4859	1
2780	4859	1
3049	4859	1
2777	4862	1
2738	4863	1
2780	4863	1
2119	4867	1
2120	4868	1
2120	4869	1
2120	4870	1
1528	4874	1
3091	4877	1
358	4880	1
2800	4883	1
2124	4889	1
2125	4889	1
3127	4897	1
3127	4898	1
2424	4899	1
2935	4899	1
3127	4899	1
2129	4902	1
2129	4903	1
2130	4904	1
2130	4905	1
2632	4905	1
2362	4907	1
2131	4908	1
2142	4910	1
3004	4910	1
3749	4915	1
2311	4917	1
2134	4919	1
2146	4919	1
2134	4920	1
2134	4921	1
2134	4922	1
2135	4923	1
2215	4923	1
2441	4923	1
2145	4929	1
2145	4930	1
2140	4933	1
2140	4934	1
3037	4936	1
3038	4936	1
2141	4937	1
1276	4939	1
2178	4939	1
2683	4940	1
2146	4944	1
2145	4947	1
2145	4948	1
2145	4949	1
2145	4950	1
2145	4951	1
2145	4952	1
2145	4953	1
2145	4954	1
2145	4955	1
2146	4956	1
2149	4964	1
2150	4965	1
858	4969	1
2436	4970	1
2233	4971	1
3806	4972	1
3874	4972	1
1462	4974	1
2155	4975	1
185	4977	1
3142	4977	1
3300	4977	1
3302	4977	1
3307	4977	1
3404	4977	1
3454	4977	1
3535	4977	1
3538	4977	1
3606	4977	1
3729	4977	1
3780	4977	1
3876	4977	1
3878	4977	1
3937	4977	1
3966	4977	1
3054	4978	1
3054	4979	1
2683	4981	1
2891	4989	1
3073	4989	1
2891	4990	1
3073	4990	1
2161	4991	1
3129	4991	1
2161	4992	1
3129	4992	1
2161	4993	1
2471	4994	1
2814	4995	1
2815	4995	1
2467	4998	1
2450	4999	1
2163	5001	1
2164	5001	1
3142	5002	1
3188	5002	1
3678	5002	1
3904	5002	1
2202	5003	1
2787	5003	1
2166	5004	1
1307	5007	1
1573	5007	1
2171	5012	1
3607	5013	1
2305	5015	1
2570	5015	1
2842	5017	1
2859	5021	1
345	5022	1
3478	5022	1
1024	5024	1
3005	5025	1
3047	5026	1
3252	5027	1
2543	5029	1
2174	5030	1
2174	5031	1
2175	5032	1
2177	5032	1
2178	5032	1
2177	5034	1
3257	5040	1
3252	5046	1
2826	5049	1
2326	5050	1
3897	5057	1
3961	5057	1
2405	5062	1
1880	5066	1
3282	5075	1
2228	5078	1
2202	5083	1
3524	5083	1
3678	5083	1
2616	5085	1
2826	5086	1
2561	5087	1
2766	5094	1
2766	5095	1
2524	5097	1
2787	5100	1
2510	5101	1
2994	5101	1
2211	5106	1
2211	5107	1
2211	5108	1
2211	5109	1
5	5114	1
2215	5116	1
2441	5116	1
1349	5126	1
2595	5126	1
2222	5134	1
2931	5134	1
2222	5135	1
2448	5135	1
3015	5135	1
2222	5136	1
2222	5137	1
2222	5138	1
2222	5139	1
2222	5140	1
1368	5142	1
175	5143	1
2233	5158	1
2584	5164	1
4068	5164	1
1074	5170	1
1129	5170	1
1379	5170	1
1519	5170	1
1819	5170	1
4099	5171	1
2730	5178	1
2730	5182	1
2749	5184	1
2902	5192	1
2251	5196	1
2251	5197	1
2252	5198	1
3376	5198	1
4102	5198	1
2458	5199	1
3091	5203	1
2810	5210	1
2810	5211	1
2376	5213	1
2258	5214	1
323	5221	1
2409	5225	1
2264	5234	1
2264	5235	1
119	5237	1
139	5237	1
1038	5241	1
716	5242	1
913	5242	1
920	5242	1
1709	5242	1
2032	5242	1
236	5243	1
774	5243	1
859	5243	1
913	5243	1
920	5243	1
926	5243	1
995	5243	1
1015	5243	1
1193	5243	1
1365	5243	1
1758	5243	1
2027	5243	1
2029	5243	1
2031	5243	1
2537	5254	1
3592	5254	1
2275	5256	1
2275	5257	1
2562	5258	1
2655	5260	1
1809	5262	1
2436	5268	1
2394	5269	1
2395	5269	1
2436	5269	1
2874	5269	1
2609	5270	1
2280	5271	1
2280	5272	1
2683	5273	1
2282	5279	1
2283	5280	1
1169	5281	1
2283	5281	1
2433	5282	1
2289	5290	1
2289	5291	1
2290	5292	1
2290	5293	1
2389	5296	1
2775	5297	1
1044	5300	1
263	5301	1
2571	5302	1
2296	5303	1
2296	5304	1
2296	5305	1
2305	5320	1
2305	5323	1
2306	5324	1
3091	5326	1
2307	5328	1
2838	5335	1
2311	5339	1
2311	5340	1
323	5345	1
2314	5346	1
2055	5347	1
1227	5348	1
2977	5352	1
2323	5358	1
2323	5359	1
2323	5360	1
3749	5363	1
3751	5363	1
2326	5365	1
8	5366	1
2437	5370	1
2468	5372	1
2437	5373	1
263	5376	1
2331	5380	1
2332	5383	1
2830	5389	1
1227	5391	1
1429	5391	1
2875	5392	1
2921	5392	1
2343	5398	1
2502	5398	1
2343	5399	1
2502	5399	1
2343	5400	1
2502	5400	1
1185	5409	1
3031	5417	1
3100	5417	1
1583	5418	1
3675	5428	1
3676	5428	1
2504	5429	1
2448	5432	1
3034	5445	1
1216	5446	1
2359	5448	1
2359	5449	1
2570	5454	1
3122	5465	1
2369	5466	1
2369	5467	1
2369	5468	1
1330	5479	1
2376	5482	1
3982	5486	1
2381	5493	1
3071	5494	1
3004	5500	1
2742	5504	1
2589	5505	1
2944	5505	1
2514	5507	1
2589	5510	1
2944	5510	1
2389	5512	1
3694	5516	1
2393	5518	1
2394	5519	1
2395	5519	1
2436	5519	1
2397	5522	1
2399	5525	1
2405	5530	1
3477	5531	1
2420	5533	1
2409	5543	1
2409	5544	1
2411	5545	1
2411	5546	1
2414	5551	1
547	5554	1
663	5554	1
664	5554	1
951	5554	1
2419	5558	1
2420	5559	1
2421	5559	1
2422	5559	1
2421	5560	1
2422	5561	1
2424	5562	1
2424	5563	1
2425	5566	1
2425	5567	1
2523	5575	1
2432	5591	1
2433	5592	1
2437	5596	1
2437	5597	1
2437	5598	1
2437	5599	1
2810	5600	1
2441	5605	1
2441	5606	1
3906	5611	1
2444	5613	1
1091	5614	1
2648	5614	1
2648	5615	1
2648	5616	1
1939	5623	1
1546	5624	1
2963	5625	1
512	5633	1
1975	5638	1
3612	5639	1
2467	5642	1
2467	5643	1
2468	5644	1
2468	5645	1
2468	5646	1
2471	5650	1
1266	5651	1
285	5652	1
3005	5655	1
3005	5656	1
3005	5657	1
1509	5658	1
665	5659	1
1208	5659	1
2032	5659	1
320	5660	1
1208	5660	1
2796	5663	1
2477	5666	1
707	5668	1
796	5668	1
1619	5668	1
1753	5668	1
1604	5670	1
2480	5670	1
1193	5674	1
3376	5681	1
1193	5683	1
2491	5690	1
2491	5691	1
2491	5692	1
1024	5696	1
1372	5696	1
1900	5696	1
1320	5704	1
2891	5705	1
2497	5706	1
2497	5707	1
2497	5708	1
485	5718	1
3505	5722	1
3831	5722	1
2510	5723	1
2994	5723	1
2510	5724	1
2994	5724	1
2514	5731	1
486	5732	1
486	5733	1
486	5734	1
2517	5741	1
1221	5748	1
2523	5750	1
2523	5751	1
2524	5754	1
2524	5755	1
2524	5756	1
3399	5769	1
1305	5774	1
2546	5780	1
2548	5781	1
2548	5782	1
3606	5786	1
3937	5786	1
3687	5806	1
2561	5807	1
2561	5808	1
2562	5809	1
1589	5811	1
1635	5811	1
1703	5811	1
1712	5811	1
1907	5811	1
3694	5813	1
2570	5817	1
2583	5831	1
2583	5832	1
2589	5836	1
2589	5837	1
3090	5839	1
2592	5843	1
3821	5847	1
2595	5848	1
2595	5849	1
490	5851	1
547	5851	1
1004	5851	1
1062	5851	1
1327	5851	1
1523	5851	1
3122	5857	1
2842	5864	1
3027	5867	1
2612	5871	1
2612	5872	1
2616	5876	1
1964	5881	1
2632	5897	1
2632	5898	1
76	5914	1
1504	5914	1
3127	5915	1
4058	5917	1
2977	5919	1
1202	5930	1
2668	5930	1
1202	5931	1
2668	5931	1
2954	5941	1
1151	5942	1
1216	5942	1
1282	5942	1
2665	5950	1
2674	5954	1
2675	5955	1
2675	5956	1
2770	5958	1
2677	5959	1
2683	5967	1
2683	5968	1
2683	5969	1
2685	5973	1
2685	5974	1
2685	5975	1
2685	5976	1
2687	5976	1
2687	5977	1
2692	5982	1
2770	5982	1
2695	5985	1
2695	5986	1
486	5988	1
825	5988	1
1301	5988	1
2707	6011	1
2722	6023	1
2734	6033	1
2734	6034	1
2742	6039	1
1353	6050	1
2749	6050	1
3602	6051	1
2859	6052	1
3094	6053	1
1429	6058	1
1880	6058	1
2781	6066	1
2775	6069	1
3829	6069	1
2775	6070	1
2775	6071	1
2780	6075	1
2781	6076	1
2782	6077	1
375	6079	1
549	6079	1
753	6080	1
2790	6083	1
1171	6085	1
1299	6085	1
1619	6085	1
3837	6085	1
1304	6086	1
1589	6087	1
1703	6087	1
1712	6087	1
1907	6087	1
216	6089	1
706	6089	1
2793	6091	1
2793	6092	1
900	6093	1
2037	6096	1
2038	6096	1
2796	6096	1
3316	6096	1
2796	6097	1
2037	6099	1
3316	6099	1
2800	6104	1
2810	6113	1
2813	6117	1
376	6119	1
2818	6119	1
2824	6123	1
2824	6124	1
2826	6129	1
2828	6132	1
1387	6133	1
1400	6133	1
1686	6133	1
1750	6133	1
2828	6133	1
2873	6133	1
2830	6134	1
2838	6145	1
2847	6155	1
2848	6155	1
3592	6157	1
1400	6166	1
546	6171	1
2856	6173	1
2856	6174	1
2856	6175	1
2856	6176	1
34	6177	1
36	6177	1
44	6177	1
191	6177	1
192	6177	1
348	6177	1
349	6177	1
899	6177	1
1596	6177	1
2856	6177	1
905	6178	1
1432	6178	1
3222	6178	1
3999	6178	1
905	6179	1
1432	6179	1
3999	6179	1
133	6180	1
774	6180	1
819	6180	1
859	6180	1
905	6180	1
994	6180	1
995	6180	1
1127	6180	1
1208	6180	1
1309	6180	1
1432	6180	1
1560	6180	1
1758	6180	1
1767	6180	1
1916	6180	1
2042	6180	1
2061	6180	1
2859	6185	1
1358	6197	1
1672	6198	1
2873	6199	1
2875	6201	1
2875	6202	1
2921	6202	1
3034	6202	1
2875	6203	1
3017	6223	1
855	6225	1
3017	6225	1
3386	6225	1
3001	6226	1
2891	6230	1
3073	6230	1
2891	6231	1
698	6239	1
3051	6242	1
3070	6247	1
2902	6252	1
1028	6255	1
2904	6255	1
2904	6256	1
838	6262	1
1049	6262	1
1051	6262	1
3372	6265	1
3950	6265	1
1201	6271	1
1339	6271	1
1374	6271	1
1419	6271	1
3259	6271	1
3685	6271	1
3889	6271	1
3893	6271	1
3894	6271	1
2045	6300	1
1991	6303	1
2930	6303	1
2931	6306	1
2933	6309	1
1453	6317	1
2938	6317	1
3081	6317	1
1453	6318	1
1770	6318	1
2938	6318	1
2970	6318	1
3081	6318	1
1083	6329	1
1282	6329	1
2948	6333	1
3889	6335	1
2954	6338	1
2954	6339	1
1051	6340	1
2959	6345	1
2959	6346	1
2959	6347	1
327	6348	1
2963	6349	1
2963	6350	1
3015	6351	1
3015	6352	1
3222	6354	1
3845	6354	1
3631	6359	1
2967	6360	1
2967	6361	1
2970	6366	1
3025	6372	1
2977	6373	1
1793	6378	1
2981	6380	1
2981	6381	1
3578	6381	1
1349	6385	1
1257	6387	1
2992	6393	1
2992	6394	1
2029	6396	1
3004	6408	1
3005	6409	1
3015	6424	1
3015	6425	1
3015	6426	1
3093	6430	1
3025	6436	1
3025	6437	1
3031	6443	1
3037	6447	1
3038	6447	1
3037	6448	1
3038	6448	1
3047	6453	1
3049	6455	1
3093	6457	1
3093	6458	1
902	6466	1
3066	6476	1
3066	6477	1
3066	6478	1
1770	6481	1
1770	6482	1
3894	6483	1
3070	6484	1
3070	6485	1
3071	6486	1
3071	6487	1
1387	6491	1
1387	6492	1
1686	6492	1
3081	6498	1
3508	6506	1
3090	6509	1
3090	6510	1
3091	6511	1
3093	6512	1
3950	6513	1
3099	6514	1
3099	6515	1
3100	6517	1
3102	6518	1
3118	6535	1
3122	6537	1
3122	6538	1
3122	6539	1
3127	6546	1
3127	6547	1
3129	6549	1
3129	6550	1
3130	6551	1
3130	6552	1
3130	6553	1
707	6559	1
1911	6563	1
139	6564	1
3382	6570	1
1961	6572	1
1961	6573	1
1968	6576	1
3889	6582	1
1770	6584	1
4141	6586	1
1541	6587	1
392	6588	1
3835	6589	1
3722	6590	1
3892	6590	1
1531	6592	1
1533	6592	1
1877	6592	1
1756	6593	1
4108	6593	1
1756	6594	1
4108	6594	1
1435	6600	1
1785	6600	1
1542	6601	1
1812	6601	1
3912	6605	1
4077	6609	1
3142	6614	1
3879	6614	1
101	6615	1
3150	6616	1
4022	6623	1
4110	6623	1
3162	6624	1
3251	6625	1
3251	6626	1
3251	6627	1
3943	6632	1
3974	6637	1
3134	6638	1
3486	6638	1
3748	6639	1
3651	6641	1
4005	6641	1
3687	6646	1
3353	6647	1
3808	6647	1
3953	6647	1
3977	6647	1
3261	6650	1
3372	6655	1
3687	6664	1
3446	6666	1
4103	6671	1
4131	6676	1
3950	6680	1
1262	6682	1
3551	6684	1
4044	6684	1
4104	6684	1
1011	6685	1
3950	6685	1
4044	6686	1
3551	6688	1
4044	6688	1
4104	6688	1
3626	6691	1
4038	6692	1
3372	6694	1
3950	6694	1
3675	6699	1
3676	6699	1
3631	6700	1
3651	6700	1
3708	6712	1
3714	6712	1
3715	6712	1
3789	6723	1
3316	6726	1
1330	6727	1
1756	6729	1
3602	6733	1
4034	6739	1
10	6741	1
3367	6747	1
3370	6747	1
139	6750	1
210	6753	1
597	6753	1
644	6753	1
404	6755	1
3880	6760	1
422	6762	1
218	6764	1
52	6765	1
473	6765	1
476	6765	1
1647	6771	1
628	6776	1
64	6777	1
317	6777	1
3823	6780	1
1177	6781	1
4034	6782	1
1968	6784	1
3739	6785	1
280	6787	1
753	6788	1
599	6789	1
655	6789	1
731	6789	1
604	6791	1
1658	6793	1
1994	6793	1
966	6794	1
1052	6794	1
1734	6797	1
1041	6798	1
97	6802	1
4049	6803	1
1702	6804	1
429	6806	1
1463	6808	1
1013	6811	1
416	6812	1
418	6812	1
392	6814	1
392	6815	1
512	6819	1
392	6820	1
1514	6825	1
1541	6825	1
1541	6826	1
3665	6827	1
1575	6830	1
1575	6831	1
125	6834	1
1128	6835	1
1130	6835	1
1968	6835	1
1128	6836	1
1130	6836	1
1463	6837	1
1844	6840	1
644	6841	1
848	6842	1
861	6843	1
50	6847	1
324	6847	1
236	6848	1
369	6848	1
478	6848	1
479	6848	1
1304	6848	1
1483	6848	1
1621	6848	1
116	6849	1
329	6849	1
369	6849	1
402	6849	1
658	6849	1
750	6849	1
764	6849	1
846	6849	1
865	6849	1
116	6850	1
402	6850	1
546	6850	1
658	6850	1
750	6850	1
764	6850	1
843	6850	1
1051	6850	1
64	6851	1
644	6852	1
644	6853	1
163	6855	1
440	6855	1
1526	6858	1
391	6860	1
1031	6862	1
1063	6862	1
1080	6862	1
1140	6862	1
1921	6862	1
385	6864	1
660	6864	1
385	6865	1
1568	6868	1
105	6869	1
375	6874	1
376	6874	1
1992	6876	1
232	6877	1
998	6877	1
1329	6880	1
536	6881	1
735	6882	1
954	6883	1
305	6890	1
549	6891	1
550	6891	1
587	6893	1
1144	6894	1
1598	6894	1
1600	6894	1
329	6897	1
361	6897	1
600	6897	1
600	6898	1
536	6899	1
428	6901	1
850	6901	1
56	6902	1
391	6902	1
948	6903	1
855	6904	1
948	6904	1
958	6905	1
548	6907	1
928	6907	1
928	6908	1
15	6909	1
504	6909	1
582	6909	1
530	6914	1
392	6921	1
805	6923	1
1943	6923	1
747	6926	1
747	6927	1
479	6930	1
3666	6931	1
300	6937	1
1189	6937	1
1944	6937	1
2059	6937	1
158	6938	1
560	6938	1
743	6938	1
749	6938	1
761	6938	1
1011	6938	1
186	6939	1
673	6939	1
470	6940	1
855	6941	1
1531	6944	1
855	6950	1
514	6953	1
530	6953	1
3986	6954	1
3292	6956	1
236	6958	1
479	6958	1
855	6958	1
913	6958	1
1011	6958	1
1304	6958	1
1483	6958	1
369	6962	1
479	6962	1
97	6965	1
1542	6971	1
1673	6973	1
3518	6974	1
349	6977	1
100	6979	1
3665	6980	1
1642	6981	1
1979	6981	1
1642	6982	1
1814	6982	1
1979	6982	1
1435	6983	1
1642	6983	1
1785	6983	1
1305	6988	1
1839	6988	1
1839	6989	1
407	6991	1
638	6993	1
638	6994	1
3434	6996	1
3789	6996	1
3835	7001	1
3650	7007	1
300	7014	1
1944	7014	1
1944	7015	1
3595	7016	1
3595	7017	1
245	7025	1
865	7027	1
1031	7027	1
1080	7027	1
222	7029	1
436	7029	1
1031	7029	1
1063	7029	1
1080	7029	1
1140	7029	1
1143	7029	1
1160	7029	1
1358	7029	1
1590	7029	1
1872	7029	1
1921	7029	1
2043	7029	1
1140	7030	1
1160	7030	1
1509	7031	1
2045	7031	1
354	7035	1
15	7036	1
245	7036	1
15	7037	1
245	7037	1
109	7038	1
335	7038	1
887	7038	1
1068	7038	1
1373	7038	1
183	7041	1
799	7041	1
921	7041	1
1014	7041	1
1227	7043	1
454	7047	1
297	7048	1
599	7049	1
245	7050	1
640	7051	1
733	7051	1
753	7051	1
1301	7051	1
3163	7051	1
3579	7051	1
3579	7052	1
1301	7053	1
733	7054	1
1125	7058	1
1692	7060	1
1372	7061	1
1900	7061	1
1305	7062	1
745	7063	1
1128	7063	1
1171	7063	1
1299	7063	1
819	7065	1
2000	7072	1
3897	7080	1
3880	7082	1
1268	7083	1
1215	7086	1
786	7087	1
1998	7090	1
3640	7091	1
3666	7091	1
1832	7097	1
1888	7097	1
1266	7099	1
72	7100	1
139	7100	1
292	7100	1
632	7100	1
652	7100	1
4113	7101	1
1153	7102	1
175	7109	1
139	7110	1
3760	7113	1
1156	7115	1
1513	7115	1
229	7116	1
3537	7119	1
3559	7119	1
68	7121	1
1082	7121	1
1863	7121	1
1082	7122	1
1863	7122	1
1851	7126	1
1842	7129	1
1996	7131	1
1544	7137	1
4054	7137	1
3222	7142	1
3259	7142	1
3354	7142	1
3685	7142	1
3841	7142	1
3845	7142	1
3883	7142	1
3889	7142	1
3893	7142	1
3894	7142	1
4022	7142	1
4094	7148	1
4127	7148	1
769	7149	1
3976	7150	1
3882	7151	1
1980	7153	1
1041	7157	1
1502	7157	1
3955	7157	1
1041	7158	1
3955	7158	1
1319	7161	1
1565	7161	1
1940	7161	1
1942	7161	1
1809	7162	1
125	7163	1
1319	7164	1
3219	7165	1
3842	7165	1
3910	7165	1
1557	7166	1
1558	7166	1
1559	7166	1
3944	7168	1
1872	7170	1
1169	7172	1
1319	7174	1
1727	7176	1
1565	7177	1
1940	7177	1
1942	7177	1
319	7178	1
3880	7178	1
1853	7179	1
1381	7180	1
1672	7185	1
1215	7186	1
3619	7190	1
1471	7191	1
456	7192	1
3341	7197	1
3471	7197	1
3341	7198	1
1842	7205	1
1842	7206	1
1992	7211	1
1254	7213	1
1254	7214	1
1961	7217	1
1160	7220	1
2043	7220	1
3872	7220	1
1911	7222	1
361	7229	1
329	7230	1
3258	7239	1
4017	7239	1
3258	7240	1
4017	7240	1
809	7241	1
30	7243	1
997	7243	1
796	7245	1
3446	7250	1
3954	7255	1
437	7257	1
1285	7258	1
1286	7258	1
1368	7260	1
356	7261	1
1113	7265	1
1420	7265	1
1716	7265	1
1937	7265	1
1938	7265	1
3803	7268	1
3821	7269	1
488	7271	1
3446	7277	1
1585	7280	1
1276	7282	1
995	7283	1
3685	7285	1
4110	7285	1
3354	7286	1
3685	7286	1
4022	7286	1
4110	7286	1
3354	7287	1
3685	7287	1
3354	7288	1
4131	7293	1
1528	7294	1
1626	7294	1
3258	7295	1
3841	7296	1
3889	7297	1
3893	7297	1
3344	7298	1
1201	7300	1
1339	7300	1
1374	7300	1
1419	7300	1
3894	7300	1
3874	7301	1
3950	7302	1
4131	7303	1
3508	7304	1
3344	7319	1
3968	7320	1
3975	7321	1
3188	7323	1
1770	7329	1
1201	7331	1
1756	7332	1
4017	7333	1
425	7335	1
1754	7336	1
1119	7338	1
1120	7338	1
1182	7340	1
1243	7340	1
1718	7340	1
2046	7340	1
2048	7340	1
530	7342	1
530	7343	1
56	7348	1
1052	7350	1
991	7355	1
3927	7356	1
5	7358	1
1193	7364	1
1514	7365	1
1640	7365	1
1640	7366	1
1640	7367	1
1672	7369	1
1854	7372	1
1383	7380	1
1967	7381	1
1672	7383	1
442	7385	1
2046	7385	1
2048	7385	1
856	7391	1
356	7393	1
805	7395	1
1930	7395	1
1943	7395	1
1686	7397	1
1399	7398	1
442	7402	1
2046	7405	1
442	7406	1
1997	7406	1
4013	7408	1
3974	7410	1
4102	7410	1
3456	7412	1
3456	7413	1
3678	7413	1
3456	7414	1
3530	7421	1
3691	7421	1
3691	7422	1
3691	7423	1
805	7424	1
3188	7426	1
3530	7428	1
4049	7428	1
3631	7431	1
4040	7431	1
3822	7432	1
3747	7433	1
3748	7433	1
3134	7434	1
3197	7436	1
3390	7436	1
3434	7436	1
3714	7436	1
3747	7436	1
3537	7440	1
3559	7440	1
3261	7441	1
4035	7442	1
1794	7444	1
1083	7445	1
1619	7447	1
382	7452	1
3297	7453	1
470	7455	1
1344	7457	1
1590	7461	1
1140	7462	1
1590	7463	1
354	7465	1
3837	7466	1
1229	7469	1
1784	7469	1
707	7471	1
796	7471	1
1753	7471	1
297	7480	1
1329	7483	1
1127	7484	1
111	7486	1
68	7487	1
3745	7487	1
3307	7489	1
1480	7490	1
183	7495	1
799	7495	1
921	7495	1
1621	7498	1
3213	7501	1
3278	7501	1
3288	7501	1
3941	7501	1
1226	7502	1
3892	7503	1
1784	7507	1
1815	7507	1
1784	7508	1
3259	7509	1
302	7512	1
1160	7515	1
2043	7515	1
3222	7515	1
3872	7515	1
3841	7516	1
2055	7521	1
3542	7522	1
1201	7524	1
1983	7525	1
3894	7526	1
981	7527	1
571	7529	1
1749	7529	1
956	7532	1
1507	7533	1
1060	7534	1
1621	7534	1
1635	7534	1
1812	7535	1
1011	7536	1
448	7537	1
2061	7539	1
1585	7540	1
3894	7542	1
981	7543	1
926	7546	1
2031	7546	1
2031	7547	1
1784	7550	1
993	7553	1
3386	7554	1
3259	7555	1
236	7558	1
1483	7558	1
3883	7560	1
1160	7563	1
2043	7563	1
3872	7563	1
713	7564	1
1996	7565	1
3478	7566	1
639	7567	1
640	7567	1
639	7568	1
698	7568	1
320	7570	1
1629	7572	1
3827	7573	1
3954	7575	1
3321	7576	1
101	7578	1
4	7581	1
359	7583	1
3278	7586	1
3288	7586	1
4063	7586	1
622	7590	1
3953	7593	1
52	7594	1
548	7595	1
3321	7598	1
4003	7601	1
153	7608	1
3760	7609	1
942	7612	1
1324	7613	1
3798	7615	1
2044	7621	1
810	7622	1
837	7622	1
1003	7622	1
1570	7624	1
729	7626	1
4108	7628	1
1208	7629	1
1044	7632	1
1514	7635	1
1541	7635	1
1548	7640	1
1548	7641	1
1794	7641	1
1182	7644	1
1754	7646	1
1754	7647	1
1794	7651	1
1060	7652	1
1507	7652	1
1705	7652	1
1630	7655	1
1553	7658	1
1920	7658	1
1575	7661	1
3416	7667	1
954	7673	1
526	7674	1
320	7678	1
3353	7680	1
3977	7680	1
1229	7681	1
1368	7682	1
324	7683	1
1459	7684	1
181	7694	1
3262	7702	1
805	7706	1
69	7708	1
111	7714	1
113	7714	1
62	7715	1
352	7718	1
993	7721	1
113	7725	1
488	7725	1
50	7726	1
549	7730	1
550	7730	1
50	7733	1
3249	7734	1
3262	7734	1
1835	7738	1
175	7740	1
77	7741	1
1059	7749	1
1733	7749	1
1779	7749	1
991	7754	1
1051	7754	1
335	7755	1
1156	7756	1
713	7761	1
774	7761	1
490	7763	1
1062	7763	1
1523	7763	1
3880	7765	1
300	7766	1
445	7772	1
801	7774	1
3150	7777	1
3270	7777	1
3386	7777	1
3453	7777	1
1129	7778	1
1819	7778	1
2055	7778	1
3631	7779	1
3964	7779	1
4038	7779	1
1063	7782	1
327	7785	1
1039	7786	1
229	7788	1
582	7789	1
3367	7792	1
1342	7794	1
1797	7794	1
1143	7796	1
1590	7796	1
4	7799	1
14	7799	1
352	7799	1
825	7799	1
716	7801	1
769	7801	1
984	7801	1
1038	7801	1
546	7802	1
1439	7805	1
1189	7806	1
4003	7806	1
1828	7809	1
712	7814	1
738	7814	1
97	7818	1
1013	7826	1
127	7828	1
509	7830	1
778	7830	1
275	7833	1
454	7833	1
493	7838	1
3188	7843	1
954	7849	1
954	7850	1
324	7854	1
1888	7861	1
690	7865	1
604	7866	1
604	7867	1
436	7871	1
3390	7872	1
3657	7872	1
1816	7877	1
690	7879	1
408	7882	1
222	7885	1
1916	7885	1
500	7889	1
1439	7890	1
1950	7890	1
853	7894	1
275	7895	1
853	7896	1
3744	7902	1
3744	7903	1
3657	7904	1
690	7914	1
636	7915	1
1013	7916	1
604	7919	1
4015	7922	1
892	7924	1
3927	7924	1
892	7925	1
1031	7928	1
3245	7933	1
356	7934	1
550	7934	1
757	7934	1
1518	7939	1
1518	7940	1
1986	7940	1
1518	7941	1
1986	7942	1
1986	7943	1
1986	7944	1
3881	7945	1
349	7955	1
356	7958	1
825	7959	1
3272	7960	1
425	7961	1
407	7965	1
681	7970	1
428	7971	1
1544	7972	1
4049	7973	1
1920	7974	1
3803	7977	1
493	7978	1
1257	7980	1
856	7987	1
1872	7987	1
1003	7990	1
429	7994	1
1560	7997	1
1560	7998	1
3968	8001	1
582	8003	1
680	8003	1
1115	8006	1
1273	8006	1
1919	8006	1
560	8007	1
3133	8010	1
3384	8010	1
3384	8011	1
3941	8011	1
3133	8012	1
454	8015	1
680	8015	1
481	8017	1
680	8018	1
639	8020	1
733	8020	1
753	8020	1
481	8023	1
481	8024	1
481	8025	1
1612	8026	1
796	8027	1
1120	8031	1
68	8033	1
1082	8033	1
1863	8033	1
1967	8035	1
3608	8039	1
1113	8041	1
1113	8042	1
1420	8042	1
1716	8042	1
1937	8042	1
1938	8042	1
3363	8044	1
1968	8045	1
733	8046	1
3831	8049	1
3745	8050	1
4003	8050	1
1975	8055	1
1039	8058	1
232	8059	1
71	8060	1
358	8062	1
281	8063	1
285	8063	1
1160	8065	1
408	8068	1
997	8068	1
1191	8068	1
964	8069	1
69	8070	1
993	8071	1
1179	8072	1
1398	8072	1
1452	8072	1
34	8074	1
36	8074	1
40	8074	1
191	8074	1
1153	8074	1
947	8076	1
277	8077	1
372	8081	1
678	8081	1
947	8081	1
1275	8081	1
1459	8082	1
966	8083	1
3278	8084	1
1953	8086	1
3522	8086	1
3522	8087	1
1992	8090	1
1961	8094	1
327	8095	1
232	8096	1
3170	8097	1
4015	8100	1
3382	8102	1
3946	8111	1
3376	8112	1
3444	8114	1
3946	8116	1
3376	8122	1
297	8123	1
3172	8128	1
3367	8130	1
3376	8135	1
3292	8136	1
4102	8137	1
1462	8140	1
4013	8141	1
4013	8142	1
3602	8149	1
345	8152	1
425	8153	1
1853	8154	1
3551	8158	1
4068	8158	1
3508	8162	1
4044	8164	1
858	8166	1
30	8169	1
30	8170	1
139	8170	1
163	8170	1
908	8170	1
977	8170	1
3943	8170	1
384	8171	1
902	8173	1
44	8176	1
968	8176	1
993	8179	1
631	8182	1
290	8185	1
290	8186	1
809	8186	1
52	8189	1
861	8190	1
290	8191	1
1576	8192	1
302	8196	1
761	8197	1
977	8198	1
908	8201	1
5	8202	1
4	8210	1
900	8217	1
735	8219	1
582	8221	1
993	8222	1
3927	8224	1
902	8225	1
731	8226	1
3162	8229	1
3966	8229	1
3150	8230	1
3270	8230	1
3453	8230	1
1221	8231	1
3524	8238	1
3453	8239	1
3453	8240	1
14	8241	1
749	8241	1
454	8242	1
290	8243	1
217	8244	1
218	8244	1
290	8244	1
891	8244	1
4068	8245	1
44	8247	1
3962	8249	1
1872	8250	1
3524	8252	1
44	8253	1
183	8253	1
277	8253	1
790	8253	1
802	8253	1
883	8253	1
991	8253	1
56	8254	1
3172	8261	1
3213	8263	1
3220	8264	1
3696	8270	1
3696	8271	1
3696	8272	1
3718	8274	1
3722	8274	1
4071	8274	1
62	8275	1
1260	8276	1
1975	8276	1
548	8277	1
1068	8277	1
1189	8277	1
1260	8277	1
1643	8277	1
1975	8277	1
3257	8278	1
101	8281	1
1513	8282	1
861	8284	1
261	8285	1
649	8285	1
527	8287	1
591	8287	1
1547	8289	1
1586	8289	1
1666	8289	1
1547	8290	1
1586	8290	1
1666	8290	1
1755	8290	1
1802	8290	1
728	8292	1
728	8293	1
1083	8294	1
900	8295	1
900	8296	1
810	8303	1
837	8303	1
838	8303	1
1003	8303	1
810	8304	1
837	8304	1
753	8306	1
3278	8307	1
1880	8308	1
927	8309	1
3146	8312	1
3287	8314	1
3563	8316	1
3678	8321	1
3287	8322	1
1429	8323	1
1880	8323	1
926	8325	1
1013	8329	1
3399	8330	1
1142	8335	1
1285	8335	1
1286	8335	1
3150	8343	1
3546	8343	1
3454	8344	1
3417	8345	1
3454	8345	1
3542	8345	1
979	8346	1
3975	8346	1
4094	8348	1
3879	8353	1
4003	8354	1
300	8356	1
998	8357	1
3448	8358	1
44	8359	1
277	8359	1
408	8359	1
802	8359	1
991	8359	1
448	8361	1
3970	8361	1
402	8362	1
3538	8363	1
445	8365	1
216	8369	1
445	8369	1
706	8369	1
445	8370	1
3555	8377	1
158	8378	1
802	8379	1
3188	8380	1
1985	8382	1
1568	8385	1
906	8387	1
3262	8388	1
1068	8390	1
3270	8392	1
1060	8393	1
3607	8395	1
44	8396	1
290	8397	1
809	8397	1
1110	8403	1
622	8404	1
3292	8405	1
3292	8406	1
819	8412	1
2055	8416	1
728	8417	1
3771	8418	1
657	8421	1
547	8422	1
663	8422	1
664	8422	1
665	8422	1
526	8425	1
959	8428	1
3678	8429	1
1365	8430	1
2027	8430	1
2029	8430	1
2031	8430	1
2027	8431	1
2029	8431	1
3150	8432	1
3827	8432	1
3955	8434	1
1293	8436	1
1349	8436	1
1074	8437	1
1129	8437	1
1519	8437	1
1819	8437	1
1129	8438	1
1819	8438	1
329	8441	1
3705	8444	1
4001	8444	1
764	8450	1
865	8451	1
957	8451	1
3882	8452	1
712	8456	1
738	8456	1
3906	8461	1
3729	8462	1
3968	8462	1
997	8464	1
1629	8466	1
3944	8466	1
3944	8467	1
3986	8471	1
4086	8471	1
1059	8474	1
1779	8474	1
1779	8476	1
729	8480	1
1399	8482	1
62	8483	1
217	8484	1
1365	8485	1
769	8489	1
984	8489	1
649	8491	1
4034	8507	1
4034	8508	1
1589	8513	1
1907	8513	1
1820	8518	1
1828	8520	1
2063	8520	1
300	8521	1
964	8522	1
774	8523	1
859	8523	1
2042	8523	1
1820	8525	1
1623	8527	1
3893	8528	1
1920	8533	1
1705	8536	1
1705	8537	1
984	8538	1
3530	8542	1
3962	8542	1
3169	8545	1
3771	8546	1
3446	8547	1
1636	8548	1
1673	8554	1
50	8555	1
62	8558	1
64	8558	1
810	8558	1
991	8559	1
3498	8563	1
3448	8564	1
3498	8564	1
3498	8565	1
3631	8567	1
3409	8569	1
3411	8569	1
3412	8569	1
3611	8573	1
3611	8574	1
3704	8576	1
3631	8579	1
3631	8580	1
4103	8581	1
3169	8582	1
3529	8583	1
4147	8583	1
3962	8584	1
3747	8587	1
3448	8593	1
3739	8602	1
1452	8606	1
1991	8608	1
3145	8612	1
3184	8614	1
4141	8623	1
3768	8631	1
3142	8632	1
277	8633	1
1672	8638	1
1672	8639	1
64	8646	1
1692	8647	1
1110	8648	1
1551	8648	1
3172	8652	1
199	8654	1
454	8660	1
993	8660	1
3806	8665	1
3402	8666	1
372	8670	1
678	8670	1
979	8670	1
1275	8670	1
1980	8671	1
1547	8672	1
1666	8672	1
1985	8676	1
1733	8678	1
4017	8681	1
1630	8688	1
1171	8691	1
526	8694	1
18	8695	1
644	8696	1
15	8697	1
15	8698	1
437	8702	1
1365	8707	1
1452	8709	1
622	8710	1
1546	8711	1
3518	8713	1
3608	8717	1
3693	8718	1
1880	8721	1
1379	8723	1
127	8724	1
1956	8726	1
1956	8727	1
1198	8732	1
1068	8734	1
887	8735	1
1068	8735	1
1643	8738	1
3288	8738	1
4108	8743	1
116	8744	1
481	8745	1
680	8747	1
408	8752	1
951	8752	1
1191	8752	1
3904	8754	1
1968	8756	1
1068	8757	1
1038	8759	1
1453	8760	1
745	8761	1
274	8764	1
275	8764	1
361	8767	1
639	8769	1
698	8769	1
352	8774	1
838	8774	1
844	8774	1
384	8776	1
345	8778	1
346	8778	1
302	8780	1
838	8780	1
1011	8780	1
210	8785	1
913	8786	1
658	8787	1
4054	8789	1
867	8793	1
1749	8794	1
1916	8794	1
1171	8795	1
3542	8797	1
728	8799	1
994	8799	1
1304	8801	1
1003	8806	1
1013	8807	1
298	8808	1
712	8817	1
479	8820	1
3561	8821	1
3880	8821	1
571	8823	1
764	8825	1
913	8827	1
1544	8828	1
863	8830	1
1436	8835	1
843	8838	1
425	8840	1
1045	8842	1
1499	8842	1
1856	8842	1
1045	8843	1
1499	8843	1
1856	8843	1
1979	8848	1
68	8849	1
3745	8849	1
1828	8850	1
681	8851	1
572	8853	1
3482	8853	1
1299	8855	1
1814	8861	1
3529	8862	1
928	8866	1
109	8872	1
810	8873	1
837	8873	1
4049	8876	1
181	8877	1
263	8878	1
70	8881	1
683	8882	1
628	8887	1
655	8888	1
738	8889	1
655	8890	1
655	8891	1
56	8892	1
786	8896	1
947	8897	1
3537	8901	1
3418	8902	1
1365	8903	1
1353	8904	1
3602	8912	1
64	8917	1
527	8920	1
4127	8922	1
850	8924	1
3367	8926	1
900	8927	1
100	8928	1
407	8931	1
3376	8933	1
3518	8933	1
3650	8935	1
3135	8938	1
3386	8939	1
1856	8940	1
367	8943	1
385	8944	1
3755	8947	1
3206	8949	1
3585	8949	1
3587	8949	1
959	8957	1
3841	8958	1
1059	8960	1
3169	8964	1
3585	8972	1
3587	8972	1
1844	8978	1
4035	8980	1
3607	8981	1
3951	8981	1
683	8982	1
790	8982	1
883	8982	1
3206	8983	1
1313	8990	1
1313	8991	1
1398	8992	1
27	8995	1
377	8995	1
3229	8996	1
3704	9000	1
1927	9001	1
1927	9002	1
1563	9005	1
1854	9006	1
2000	9008	1
1967	9009	1
1703	9010	1
1589	9011	1
1997	9014	1
1727	9015	1
3257	9016	1
3257	9017	1
3619	9019	1
3259	9023	1
683	9025	1
1568	9031	1
1932	9031	1
1268	9033	1
1130	9036	1
856	9040	1
40	9041	1
4068	9058	1
2044	9060	1
587	9067	1
3845	9070	1
27	9071	1
622	9073	1
3949	9078	1
4077	9079	1
1028	9081	1
1974	9085	1
1403	9096	1
1427	9096	1
3650	9099	1
3912	9101	1
4040	9104	1
3698	9107	1
3486	9119	1
3624	9120	1
4094	9121	1
4104	9122	1
3780	9125	1
3949	9126	1
3949	9127	1
3941	9133	1
3354	9134	1
3229	9139	1
1939	9141	1
1389	9142	1
1568	9149	1
2050	9150	1
1528	9153	1
1626	9153	1
470	9160	1
163	9164	1
40	9167	1
40	9168	1
1930	9171	1
1189	9173	1
181	9177	1
3780	9178	1
34	9179	1
191	9179	1
192	9179	1
217	9180	1
290	9180	1
801	9181	1
1063	9181	1
1080	9181	1
1921	9181	1
359	9182	1
3943	9185	1
416	9188	1
418	9188	1
490	9191	1
547	9191	1
1004	9191	1
1327	9191	1
509	9195	1
476	9197	1
865	9206	1
1063	9206	1
68	9208	1
1153	9209	1
1004	9210	1
4126	9212	1
456	9215	1
743	9216	1
749	9216	1
942	9218	1
290	9219	1
3829	9221	1
3829	9222	1
782	9223	1
1755	9225	1
1802	9225	1
761	9229	1
1927	9230	1
1974	9231	1
71	9238	1
511	9239	1
216	9240	1
1435	9242	1
1785	9242	1
531	9245	1
292	9246	1
1630	9247	1
3335	9249	1
3341	9251	1
3537	9252	1
3537	9253	1
3559	9253	1
3563	9255	1
1411	9263	1
1471	9264	1
1852	9267	1
1342	9274	1
1797	9274	1
1266	9279	1
631	9292	1
2063	9296	1
1471	9298	1
1927	9306	1
3163	9310	1
1368	9313	1
179	9316	1
3644	9319	1
1528	9323	1
425	9327	1
10	9334	1
72	9335	1
1583	9341	1
1832	9346	1
3135	9349	1
3612	9354	1
664	9367	1
1374	9368	1
3416	9371	1
222	9373	1
985	9374	1
1071	9375	1
261	9377	1
3954	9381	1
1630	9384	1
3966	9389	1
1109	9392	1
1119	9393	1
1888	9395	1
1015	9398	1
181	9401	1
652	9402	1
297	9408	1
1115	9412	1
3537	9413	1
3297	9415	1
3693	9415	1
3698	9415	1
3297	9416	1
3363	9417	1
1216	9422	1
290	9423	1
749	9423	1
179	9424	1
680	9425	1
3656	9431	1
3656	9432	1
4003	9434	1
1793	9436	1
1761	9442	1
290	9444	1
1339	9446	1
1991	9447	1
1091	9448	1
3372	9449	1
1703	9451	1
4131	9452	1
3842	9454	1
3452	9455	1
1792	9458	1
56	9459	1
867	9461	1
3579	9462	1
979	9463	1
440	9471	1
843	9472	1
1120	9474	1
738	9475	1
4	9481	1
7	9482	1
906	9483	1
18	9486	1
977	9490	1
32	9491	1
997	9493	1
290	9494	1
3163	9498	1
50	9501	1
54	9502	1
56	9505	1
892	9508	1
68	9510	1
70	9511	1
76	9520	1
77	9521	1
100	9529	1
101	9530	1
111	9532	1
183	9540	1
921	9540	1
1014	9540	1
908	9542	1
1373	9544	1
802	9548	1
162	9549	1
162	9550	1
163	9551	1
186	9560	1
179	9561	1
179	9562	1
179	9563	1
179	9564	1
179	9565	1
179	9566	1
848	9567	1
799	9569	1
210	9578	1
290	9594	1
957	9596	1
261	9600	1
275	9606	1
280	9608	1
285	9610	1
290	9611	1
995	9616	1
1309	9616	1
1758	9616	1
298	9618	1
323	9627	1
1586	9627	1
1755	9627	1
346	9634	1
354	9637	1
359	9638	1
359	9639	1
359	9640	1
1793	9640	1
359	9641	1
359	9642	1
750	9643	1
367	9644	1
372	9645	1
372	9646	1
944	9649	1
377	9653	1
384	9655	1
391	9658	1
404	9663	1
861	9665	1
921	9666	1
422	9667	1
454	9673	1
478	9676	1
478	9677	1
846	9681	1
964	9684	1
490	9686	1
733	9687	1
733	9688	1
928	9698	1
928	9699	1
530	9702	1
530	9703	1
548	9705	1
1015	9705	1
1189	9705	1
2027	9705	1
594	9718	1
622	9729	1
640	9734	1
660	9742	1
673	9746	1
3798	9747	1
1276	9751	1
899	9756	1
712	9761	1
728	9766	1
735	9767	1
743	9770	1
745	9771	1
1758	9772	1
747	9773	1
2061	9779	1
779	9780	1
801	9785	1
825	9794	1
848	9805	1
853	9807	1
853	9808	1
856	9809	1
858	9810	1
891	9832	1
892	9835	1
902	9839	1
906	9840	1
906	9841	1
920	9846	1
944	9849	1
944	9850	1
944	9851	1
944	9852	1
951	9854	1
1191	9855	1
954	9856	1
957	9857	1
957	9858	1
958	9859	1
959	9860	1
964	9864	1
964	9865	1
968	9868	1
985	9875	1
993	9882	1
1013	9890	1
1013	9891	1
1013	9892	1
1013	9893	1
1015	9894	1
1379	9895	1
1024	9901	1
1039	9905	1
1042	9906	1
1044	9907	1
1044	9908	1
1052	9911	1
1059	9912	1
1060	9913	1
1062	9914	1
1523	9914	1
1068	9915	1
1071	9916	1
1075	9918	1
1082	9919	1
1863	9919	1
1095	9923	1
1098	9924	1
1098	9925	1
1573	9931	1
1127	9935	1
1135	9941	1
1135	9942	1
1142	9944	1
1159	9948	1
1159	9949	1
1179	9959	1
1189	9964	1
1198	9967	1
1201	9968	1
1219	9974	1
1226	9976	1
1658	9977	1
1994	9977	1
2054	9977	1
1226	9978	1
1254	9992	1
1261	9996	1
1262	9996	1
1265	9997	1
1265	9998	1
1285	10002	1
1286	10002	1
1307	10007	1
1320	10009	1
1324	10010	1
1329	10012	1
1329	10013	1
1329	10014	1
1344	10019	1
1353	10022	1
1353	10023	1
1353	10024	1
1358	10027	1
1383	10032	1
1383	10033	1
1411	10033	1
1389	10038	1
1400	10040	1
1403	10041	1
1427	10041	1
1419	10044	1
1420	10045	1
1716	10045	1
1816	10049	1
1429	10050	1
1429	10051	1
1480	10055	1
1436	10056	1
1439	10058	1
3376	10063	1
1448	10064	1
1448	10065	1
1452	10068	1
1459	10070	1
1462	10072	1
1463	10073	1
1463	10074	1
1465	10076	1
1465	10077	1
4110	10087	1
4001	10089	1
3231	10090	1
3231	10091	1
1739	10093	1
1739	10094	1
3999	10097	1
1636	10100	1
4058	10105	1
3404	10106	1
3999	10107	1
3335	10108	1
3749	10109	1
3751	10109	1
3827	10111	1
4058	10114	1
3354	10116	1
1761	10126	1
3943	10132	1
2059	10135	1
3893	10137	1
4022	10140	1
3537	10141	1
3477	10148	1
1600	10149	1
3656	10151	1
1635	10153	1
3906	10156	1
4103	10157	1
3229	10163	1
3821	10164	1
1630	10166	1
1749	10173	1
3335	10179	1
3879	10181	1
1998	10184	1
3344	10188	1
3535	10193	1
3631	10195	1
3631	10196	1
3951	10196	1
3537	10197	1
4005	10199	1
4127	10201	1
1570	10203	1
1570	10204	1
1852	10207	1
1853	10207	1
1480	10208	1
1950	10209	1
1612	10211	1
1612	10212	1
1636	10213	1
1964	10214	1
2004	10216	1
1880	10217	1
2020	10223	1
3631	10232	1
3951	10234	1
3402	10235	1
3477	10239	1
3876	10240	1
3878	10240	1
3505	10241	1
3145	10243	1
1526	10249	1
1526	10253	1
1533	10258	1
1547	10264	1
1565	10266	1
1575	10267	1
1583	10272	1
1585	10273	1
1586	10274	1
1589	10277	1
1609	10280	1
1626	10285	1
1626	10286	1
1626	10287	1
1627	10288	1
1692	10298	1
1702	10301	1
1702	10302	1
1739	10305	1
1749	10306	1
1750	10307	1
1761	10310	1
1785	10317	1
1785	10318	1
1785	10319	1
1793	10320	1
1880	10326	1
1816	10327	1
1835	10329	1
1851	10335	1
1880	10340	1
1888	10344	1
1921	10347	1
1932	10351	1
1943	10353	1
1950	10357	1
1968	10358	1
2000	10359	1
2038	10360	1
2050	10362	1
2050	10363	1
2054	10366	1
3420	10371	1
3213	10372	1
3637	10376	1
3619	10381	1
3145	10385	1
3145	10386	1
3146	10387	1
3150	10390	1
3162	10395	1
3163	10396	1
3184	10402	1
3184	10403	1
3184	10407	1
3184	10408	1
3184	10409	1
3219	10418	1
4034	10421	1
3252	10424	1
3261	10428	1
3261	10429	1
3262	10430	1
3278	10435	1
3287	10436	1
3288	10437	1
3293	10438	1
3293	10439	1
3297	10440	1
3307	10444	1
3321	10453	1
3341	10456	1
3344	10458	1
3363	10464	1
3370	10466	1
3370	10467	1
3372	10468	1
3399	10475	1
3402	10476	1
3402	10477	1
3418	10481	1
3420	10482	1
3434	10489	1
3434	10490	1
3441	10496	1
3441	10497	1
3448	10500	1
3448	10501	1
3471	10504	1
3477	10508	1
3478	10509	1
3482	10511	1
3499	10516	1
3499	10517	1
3511	10522	1
3524	10529	1
3537	10534	1
3537	10535	1
3618	10553	1
3620	10554	1
3624	10555	1
3630	10557	1
3630	10558	1
3631	10559	1
3656	10565	1
3688	10580	1
3692	10581	1
3696	10582	1
3715	10585	1
3739	10590	1
3755	10591	1
3760	10593	1
3771	10598	1
3771	10599	1
3779	10602	1
3794	10604	1
3821	10613	1
3821	10614	1
3829	10616	1
3831	10617	1
3841	10620	1
3874	10626	1
3889	10627	1
3927	10634	1
4110	10638	1
3946	10640	1
3961	10644	1
3964	10645	1
4038	10645	1
3970	10647	1
3976	10648	1
3982	10649	1
4015	10654	1
4035	10661	1
4035	10662	1
4063	10668	1
4068	10670	1
4108	10683	1
4126	10687	1
4130	10688	1
4141	10694	1
139	10702	2
199	10702	2
511	10702	2
1919	10702	2
1929	10702	2
2904	10702	2
3172	10702	2
3257	10702	2
3288	10702	2
3402	10702	2
3444	10702	2
3477	10702	2
3522	10702	2
3561	10702	2
3650	10702	2
3692	10702	2
3704	10702	2
3779	10702	2
7	10703	2
100	10703	2
111	10703	2
305	10703	2
327	10703	2
2045	10703	2
3650	10703	2
3729	10706	2
14	10707	2
749	10707	2
1045	10707	2
1658	10710	2
1171	10711	2
2562	10711	2
2780	10711	2
526	10712	2
1179	10712	2
1232	10712	2
1398	10712	2
1635	10712	2
466	10713	2
2683	10714	2
3129	10714	2
77	10716	2
764	10719	2
997	10719	2
1038	10719	2
1330	10719	2
1387	10719	2
1612	10719	2
1863	10719	2
2130	10719	2
2471	10719	2
3015	10719	2
3079	10719	2
3102	10719	2
3219	10719	2
3904	10719	2
3906	10719	2
2738	10720	2
3245	10722	2
3511	10722	2
15	10725	2
530	10725	2
1767	10725	2
179	10729	2
571	10729	2
5	10730	2
490	10730	2
1301	10730	2
1819	10730	2
2477	10730	2
2935	10730	2
71	10732	2
97	10732	2
118	10732	2
280	10732	2
323	10732	2
1716	10732	2
3755	10732	2
742	10733	2
786	10733	2
1115	10733	2
1956	10733	2
2836	10733	2
192	10734	2
422	10734	2
1169	10734	2
1177	10734	2
1179	10734	2
1273	10734	2
1379	10734	2
1547	10734	2
1563	10734	2
1576	10734	2
1761	10734	2
1832	10734	2
1888	10734	2
1907	10734	2
1930	10734	2
2089	10734	2
2275	10734	2
2393	10734	2
2425	10734	2
2533	10734	2
2668	10734	2
2749	10734	2
2824	10734	2
2948	10734	2
105	10736	2
127	10736	2
218	10736	2
456	10736	2
478	10736	2
747	10736	2
981	10736	2
1041	10736	2
1074	10736	2
1113	10736	2
1125	10736	2
1452	10736	2
1816	10736	2
1877	10736	2
1937	10736	2
2085	10736	2
2444	10736	2
2828	10736	2
2954	10736	2
3399	10736	2
3696	10736	2
850	10737	2
2497	10737	2
905	10745	2
1185	10745	2
1216	10745	2
1243	10745	2
1374	10745	2
1387	10745	2
1432	10745	2
1519	10745	2
1589	10745	2
1626	10745	2
1718	10745	2
1793	10745	2
1814	10745	2
1956	10745	2
1979	10745	2
1980	10745	2
2142	10745	2
2145	10745	2
2146	10745	2
2164	10745	2
2166	10745	2
2333	10745	2
2963	10745	2
3071	10745	2
3134	10745	2
3452	10745	2
3456	10745	2
3471	10745	2
3715	10745	2
3823	10745	2
3842	10745	2
3876	10745	2
3889	10745	2
4099	10745	2
2677	10746	2
377	10748	2
1911	10748	2
2422	10748	2
1792	10749	2
428	10750	2
2491	10750	2
3049	10750	2
3091	10750	2
3949	10750	2
119	10751	2
158	10751	2
2592	10751	2
3278	10751	2
3559	10751	2
3949	10751	2
3961	10751	2
4005	10751	2
2584	10752	2
3454	10752	2
3897	10752	2
170	10756	2
275	10756	2
594	10756	2
947	10756	2
1507	10756	2
1705	10756	2
2306	10756	2
3624	10756	2
3715	10756	2
3779	10756	2
4104	10756	2
261	10757	2
297	10757	2
511	10757	2
604	10757	2
1767	10757	2
2381	10757	2
2546	10757	2
3122	10757	2
778	10759	2
1609	10759	2
1851	10759	2
1940	10759	2
2437	10759	2
62	10760	2
245	10760	2
319	10760	2
384	10760	2
440	10760	2
488	10760	2
655	10760	2
998	10760	2
1038	10760	2
1115	10760	2
1232	10760	2
1265	10760	2
1313	10760	2
1465	10760	2
1526	10760	2
1630	10760	2
1692	10760	2
1749	10760	2
1802	10760	2
1839	10760	2
1930	10760	2
1980	10760	2
2093	10760	2
2296	10760	2
2323	10760	2
2436	10760	2
2595	10760	2
2775	10760	2
2783	10760	2
2828	10760	2
2836	10760	2
2905	10760	2
2994	10760	2
3031	10760	2
3034	10760	2
3079	10760	2
3247	10760	2
3508	10760	2
3640	10760	2
3657	10760	2
3675	10760	2
3837	10760	2
3880	10760	2
4130	10760	2
292	10761	2
376	10761	2
3353	10761	2
2787	10762	2
277	10763	2
418	10763	2
599	10763	2
968	10763	2
981	10763	2
2016	10763	2
408	10764	2
2944	10764	2
887	10767	2
170	10768	2
899	10768	2
954	10768	2
1044	10768	2
2280	10768	2
2826	10768	2
3644	10768	2
3822	10768	2
72	10769	2
1398	10770	2
3592	10774	2
653	10776	2
1612	10778	2
1718	10779	2
280	10780	2
456	10780	2
713	10780	2
1041	10780	2
1125	10780	2
1182	10780	2
1305	10780	2
1499	10780	2
1518	10780	2
1553	10780	2
1568	10780	2
1598	10780	2
1609	10780	2
1619	10780	2
1692	10780	2
1712	10780	2
1839	10780	2
1844	10780	2
1856	10780	2
1920	10780	2
1929	10780	2
1944	10780	2
1985	10780	2
2044	10780	2
2061	10780	2
1812	10782	2
2562	10782	2
76	10788	2
476	10788	2
1911	10788	2
1927	10788	2
713	10789	2
1502	10789	2
1643	10789	2
1794	10789	2
853	10791	2
1974	10791	2
2376	10791	2
2437	10791	2
2838	10791	2
3172	10791	2
3251	10791	2
3630	10791	2
604	10792	2
927	10792	2
928	10792	2
1129	10792	2
1215	10792	2
1507	10792	2
1673	10792	2
2088	10792	2
2561	10792	2
2749	10792	2
3341	10792	2
3537	10792	2
3611	10792	2
3687	10792	2
3708	10792	2
3714	10792	2
3715	10792	2
3798	10792	2
3976	10792	2
3001	10793	2
3220	10793	2
4126	10793	2
2164	10795	2
4058	10795	2
2419	10798	2
2814	10798	2
2994	10798	2
3249	10798	2
3821	10798	2
8	10799	2
30	10799	2
62	10799	2
68	10799	2
100	10799	2
133	10799	2
277	10799	2
359	10799	2
422	10799	2
442	10799	2
486	10799	2
488	10799	2
530	10799	2
549	10799	2
572	10799	2
600	10799	2
636	10799	2
640	10799	2
649	10799	2
747	10799	2
809	10799	2
850	10799	2
891	10799	2
908	10799	2
951	10799	2
959	10799	2
1083	10799	2
1098	10799	2
1109	10799	2
1140	10799	2
1142	10799	2
1143	10799	2
1144	10799	2
1159	10799	2
1254	10799	2
1268	10799	2
1309	10799	2
1313	10799	2
1327	10799	2
1344	10799	2
1383	10799	2
1419	10799	2
1452	10799	2
1492	10799	2
1570	10799	2
1600	10799	2
1626	10799	2
1643	10799	2
1753	10799	2
1756	10799	2
1784	10799	2
1832	10799	2
1852	10799	2
1907	10799	2
1938	10799	2
1985	10799	2
2016	10799	2
2054	10799	2
2073	10799	2
2085	10799	2
2112	10799	2
2130	10799	2
2134	10799	2
2140	10799	2
2174	10799	2
2178	10799	2
2275	10799	2
2290	10799	2
2311	10799	2
2326	10799	2
2414	10799	2
2420	10799	2
2491	10799	2
2510	10799	2
2514	10799	2
2543	10799	2
2562	10799	2
2595	10799	2
2775	10799	2
2782	10799	2
2783	10799	2
2800	10799	2
2810	10799	2
2851	10799	2
3005	10799	2
3031	10799	2
3066	10799	2
3102	10799	2
3122	10799	2
3129	10799	2
3197	10799	2
3222	10799	2
3231	10799	2
3287	10799	2
3418	10799	2
3441	10799	2
3454	10799	2
3486	10799	2
3522	10799	2
3529	10799	2
3559	10799	2
3563	10799	2
3602	10799	2
3688	10799	2
3798	10799	2
3803	10799	2
3822	10799	2
3842	10799	2
3878	10799	2
3949	10799	2
3974	10799	2
4001	10799	2
4013	10799	2
4034	10799	2
4141	10799	2
3962	10801	2
2175	10802	2
2448	10802	2
2000	10803	2
2283	10803	2
2707	10803	2
3025	10803	2
3651	10803	2
2422	10804	2
2847	10804	2
761	10805	2
3906	10805	2
1750	10806	2
2343	10806	2
2166	10807	2
3037	10807	2
3038	10807	2
1045	10808	2
1372	10809	2
1900	10809	2
2533	10809	2
118	10810	2
346	10810	2
2037	10810	2
4035	10810	2
3222	10812	2
2197	10816	2
3341	10817	2
3964	10818	2
3172	10819	2
3656	10819	2
3835	10819	2
591	10820	2
3696	10821	2
1193	10822	2
2091	10822	2
3259	10822	2
3367	10822	2
3412	10822	2
3420	10822	2
3631	10822	2
3883	10822	2
407	10824	2
1642	10824	2
116	10825	2
162	10825	2
302	10825	2
512	10825	2
658	10825	2
636	10826	2
3607	10827	2
4086	10832	2
1504	10833	2
1938	10833	2
2164	10833	2
2290	10833	2
2326	10833	2
2510	10833	2
2770	10833	2
2994	10833	2
3206	10833	2
3822	10833	2
3976	10835	2
3220	10836	2
3257	10836	2
3282	10836	2
3316	10836	2
3546	10836	2
3704	10836	2
3803	10836	2
3894	10836	2
3070	10839	2
4104	10839	2
3041	10840	2
1044	10841	2
1049	10843	2
2045	10843	2
2032	10844	2
1703	10847	2
3206	10847	2
64	10852	2
1400	10852	2
1604	10852	2
1797	10852	2
2155	10852	2
2830	10852	2
2003	10853	2
2087	10853	2
3370	10853	2
236	10855	2
774	10855	2
995	10855	2
1024	10855	2
1045	10855	2
1110	10855	2
1215	10855	2
1226	10855	2
1257	10855	2
1307	10855	2
1339	10855	2
1349	10855	2
1499	10855	2
1502	10855	2
1542	10855	2
1551	10855	2
1558	10855	2
1573	10855	2
1604	10855	2
1616	10855	2
1844	10855	2
1937	10855	2
2042	10855	2
2050	10855	2
2055	10855	2
2063	10855	2
2211	10855	2
2323	10855	2
2571	10855	2
3090	10855	2
3252	10855	2
3452	10855	2
3749	10855	2
3831	10855	2
3897	10855	2
3976	10855	2
716	10856	2
1612	10856	2
1809	10856	2
1842	10856	2
1961	10856	2
1985	10856	2
2054	10856	2
2296	10856	2
3803	10856	2
1193	10857	2
1324	10857	2
3252	10857	2
3229	10858	2
437	10861	2
1074	10863	2
1383	10863	2
1519	10863	2
3486	10863	2
3878	10863	2
3893	10863	2
4034	10863	2
745	10864	2
799	10864	2
846	10864	2
1031	10864	2
1059	10864	2
1060	10864	2
1063	10864	2
1071	10864	2
1074	10864	2
1080	10864	2
1083	10864	2
1095	10864	2
1125	10864	2
1129	10864	2
1130	10864	2
1140	10864	2
1143	10864	2
1301	10864	2
1313	10864	2
1327	10864	2
1365	10864	2
1381	10864	2
1435	10864	2
1462	10864	2
1519	10864	2
1531	10864	2
1533	10864	2
1570	10864	2
1590	10864	2
1749	10864	2
1852	10864	2
1877	10864	2
1921	10864	2
1930	10864	2
1943	10864	2
1986	10864	2
1992	10864	2
2038	10864	2
2043	10864	2
2098	10864	2
2282	10864	2
2612	10864	2
2931	10864	2
2938	10864	2
3399	10864	2
3478	10864	2
3688	10864	2
3693	10864	2
3744	10864	2
3745	10864	2
3751	10864	2
3779	10864	2
3881	10864	2
3912	10864	2
4044	10864	2
1159	10865	2
1198	10865	2
3751	10865	2
4017	10865	2
1967	10868	2
1994	10868	2
2037	10868	2
3402	10868	2
3968	10868	2
1330	10869	2
3146	10869	2
3370	10869	2
3434	10869	2
3631	10869	2
3827	10869	2
3954	10869	2
3213	10870	2
3412	10870	2
3744	10870	2
3986	10870	2
4015	10870	2
4071	10870	2
3626	10871	2
2616	10872	2
2944	10872	2
2859	10875	2
3100	10875	2
3370	10875	2
1004	10877	2
2175	10877	2
2477	10877	2
3051	10877	2
3363	10877	2
921	10878	2
4068	10880	2
1635	10881	2
2589	10881	2
72	10886	2
1884	10886	2
3578	10886	2
3803	10886	2
3966	10886	2
105	10887	2
1429	10887	2
2722	10889	2
199	10890	2
466	10890	2
985	10890	2
1379	10890	2
2146	10890	2
3150	10890	2
3780	10890	2
4005	10890	2
1003	10891	2
2307	10891	2
2510	10891	2
2592	10891	2
2948	10891	2
2994	10891	2
3127	10891	2
530	10892	2
1387	10892	2
1519	10892	2
1819	10892	2
3094	10893	2
1627	10896	2
3518	10896	2
179	10897	2
183	10897	2
665	10897	2
757	10897	2
805	10897	2
1142	10897	2
1465	10898	2
2251	10898	2
2851	10898	2
2981	10898	2
3842	10898	2
2264	10899	2
2120	10900	2
478	10901	2
8	10905	2
116	10905	2
1182	10905	2
1208	10905	2
1276	10905	2
1856	10905	2
2197	10905	2
2411	10905	2
3027	10905	2
604	10906	2
1135	10906	2
1483	10906	2
1547	10906	2
2000	10906	2
2770	10906	2
2787	10906	2
3370	10906	2
3881	10906	2
3937	10906	2
2331	10907	2
3220	10907	2
10	10908	2
512	10908	2
853	10908	2
958	10908	2
2963	10910	2
210	10913	2
1080	10915	2
1576	10915	2
2674	10915	2
1463	10917	2
2174	10922	2
2992	10922	2
1734	10923	2
993	10925	2
2441	10926	2
68	10927	2
133	10927	2
802	10927	2
1049	10927	2
1082	10927	2
1758	10927	2
1863	10927	2
2078	10927	2
2174	10927	2
2289	10927	2
2333	10927	2
2362	10927	2
2546	10927	2
2800	10927	2
3066	10927	2
3102	10927	2
275	10928	2
1342	10928	2
2251	10928	2
2432	10928	2
2444	10928	2
2904	10928	2
3127	10928	2
1372	10931	2
4103	10931	2
467	10932	2
1068	10932	2
1557	10932	2
1558	10932	2
1560	10932	2
1900	10932	2
2088	10932	2
2766	10932	2
2963	10932	2
170	10935	2
3231	10935	2
3883	10935	2
3163	10936	2
493	10937	2
3282	10937	2
3418	10937	2
3559	10937	2
3880	10937	2
3944	10937	2
631	10938	2
729	10938	2
799	10938	2
865	10938	2
997	10938	2
1502	10938	2
1585	10938	2
2742	10938	2
3004	10938	2
10	10942	2
70	10942	2
100	10942	2
958	10942	2
2046	10942	2
2202	10942	2
2211	10942	2
2283	10942	2
2734	10942	2
2738	10942	2
1075	10946	2
2444	10946	2
1383	10947	2
486	10949	2
3278	10949	2
548	10954	2
2031	10954	2
76	10955	2
14	10956	2
62	10956	2
636	10956	2
663	10956	2
819	10956	2
1024	10956	2
1809	10956	2
2177	10956	2
2178	10956	2
2770	10956	2
1953	10957	2
2166	10957	2
1142	10959	2
3341	10959	2
3694	10961	2
2930	10962	2
1533	10963	2
3879	10963	2
2258	10965	2
1313	10966	2
2107	10966	2
5	10967	2
64	10967	2
158	10967	2
175	10967	2
181	10967	2
183	10967	2
199	10967	2
222	10967	2
245	10967	2
281	10967	2
290	10967	2
298	10967	2
320	10967	2
323	10967	2
324	10967	2
335	10967	2
356	10967	2
361	10967	2
369	10967	2
372	10967	2
377	10967	2
384	10967	2
408	10967	2
418	10967	2
425	10967	2
437	10967	2
504	10967	2
571	10967	2
572	10967	2
599	10967	2
673	10967	2
745	10967	2
747	10967	2
764	10967	2
769	10967	2
779	10967	2
790	10967	2
799	10967	2
805	10967	2
810	10967	2
819	10967	2
846	10967	2
855	10967	2
865	10967	2
867	10967	2
883	10967	2
899	10967	2
920	10967	2
942	10967	2
944	10967	2
966	10967	2
984	10967	2
985	10967	2
1013	10967	2
1014	10967	2
1015	10967	2
1031	10967	2
1038	10967	2
1044	10967	2
1051	10967	2
1059	10967	2
1063	10967	2
1071	10967	2
1091	10967	2
1109	10967	2
1115	10967	2
1120	10967	2
1143	10967	2
1185	10967	2
1189	10967	2
1216	10967	2
1243	10967	2
1265	10967	2
1266	10967	2
1268	10967	2
1276	10967	2
1353	10967	2
1439	10967	2
1503	10967	2
1504	10967	2
1523	10967	2
1531	10967	2
1544	10967	2
1559	10967	2
1560	10967	2
1565	10967	2
1575	10967	2
1586	10967	2
1589	10967	2
1590	10967	2
1596	10967	2
1623	10967	2
1627	10967	2
1630	10967	2
1636	10967	2
1647	10967	2
1672	10967	2
1702	10967	2
1705	10967	2
1755	10967	2
1767	10967	2
1770	10967	2
1802	10967	2
1820	10967	2
1835	10967	2
1851	10967	2
1852	10967	2
1854	10967	2
1907	10967	2
1919	10967	2
1921	10967	2
1930	10967	2
1938	10967	2
1940	10967	2
1944	10967	2
1980	10967	2
1986	10967	2
1992	10967	2
1994	10967	2
2004	10967	2
2027	10967	2
2031	10967	2
2032	10967	2
2037	10967	2
2043	10967	2
2054	10967	2
2419	10967	2
2561	10967	2
2592	10967	2
2612	10967	2
2781	10967	2
2967	10967	2
3025	10967	2
3135	10967	2
3188	10967	2
3321	10967	2
3390	10967	2
3420	10967	2
3448	10967	2
3478	10967	2
3578	10967	2
3657	10967	2
3779	10967	2
4054	10967	2
4077	10967	2
34	10968	2
40	10968	2
64	10968	2
69	10968	2
70	10968	2
139	10968	2
199	10968	2
218	10968	2
285	10968	2
297	10968	2
349	10968	2
367	10968	2
454	10968	2
470	10968	2
473	10968	2
478	10968	2
479	10968	2
509	10968	2
511	10968	2
512	10968	2
591	10968	2
594	10968	2
604	10968	2
774	10968	2
809	10968	2
1319	10968	2
1526	10968	2
2048	10968	2
2141	10968	2
2692	10968	2
3261	10968	2
3678	10968	2
3698	10968	2
10	10969	2
30	10969	2
77	10969	2
133	10969	2
162	10969	2
175	10969	2
261	10969	2
280	10969	2
300	10969	2
319	10969	2
358	10969	2
368	10969	2
376	10969	2
488	10969	2
527	10969	2
536	10969	2
638	10969	2
655	10969	2
660	10969	2
778	10969	2
782	10969	2
801	10969	2
858	10969	2
927	10969	2
948	10969	2
1436	10969	2
1598	10969	2
1621	10969	2
1749	10969	2
1828	10969	2
1884	10969	2
2002	10969	2
2042	10969	2
2061	10969	2
3640	10969	2
3666	10969	2
3694	10969	2
1083	10970	2
1229	10970	2
1098	10971	2
1956	10971	2
1979	10971	2
320	10975	2
346	10975	2
716	10975	2
1119	10975	2
1403	10975	2
1557	10975	2
1820	10975	2
1950	10975	2
2084	10975	2
2233	10975	2
2399	10975	2
2668	10975	2
2796	10975	2
3037	10975	2
3038	10975	2
947	10977	2
2546	10977	2
3376	10977	2
956	10980	2
170	10983	2
942	10983	2
658	10984	2
1059	10984	2
1329	10984	2
391	10986	2
3172	10986	2
3288	10986	2
3402	10986	2
3522	10986	2
3561	10986	2
3650	10986	2
1080	10988	2
1143	10988	2
1159	10988	2
1986	10988	2
274	10989	2
810	10989	2
1003	10989	2
1319	10989	2
1911	10989	2
3606	10989	2
4110	10990	2
2140	10998	2
2314	10998	2
2592	10998	2
956	10999	2
2125	10999	2
2171	10999	2
2421	10999	2
367	11000	2
442	11000	2
478	11000	2
1586	11000	2
2093	11000	2
2296	11000	2
2305	11000	2
2381	11000	2
2389	11000	2
2543	11000	2
3771	11000	2
3999	11000	2
2707	11001	2
101	11002	2
3768	11002	2
994	11004	2
1734	11004	2
2436	11005	2
3841	11005	2
4044	11005	2
105	11006	2
218	11006	2
359	11006	2
548	11006	2
979	11006	2
994	11006	2
1052	11006	2
1109	11006	2
1221	11006	2
1260	11006	2
1275	11006	2
1353	11006	2
1480	11006	2
1563	11006	2
1779	11006	2
2222	11006	2
2931	11006	2
3904	11006	2
3951	11006	2
4003	11006	2
4015	11006	2
622	11007	2
3051	11009	2
3618	11012	2
3768	11012	2
594	11013	2
3272	11013	2
3471	11013	2
329	11014	2
2163	11016	2
479	11017	2
1727	11017	2
3968	11018	2
2129	11019	2
3453	11019	2
401	11020	2
2422	11020	2
3188	11020	2
3367	11020	2
3416	11020	2
3529	11020	2
3626	11020	2
3656	11020	2
324	11021	2
2027	11021	2
3118	11021	2
1063	11022	2
1098	11022	2
1590	11022	2
1686	11022	2
1921	11022	2
1979	11022	2
2027	11022	2
3316	11022	2
3579	11022	2
1793	11023	2
1943	11023	2
2793	11023	2
1198	11024	2
995	11025	2
1761	11025	2
2632	11025	2
3184	11025	2
127	11026	2
2289	11026	2
4022	11027	2
1262	11028	2
920	11030	2
1191	11030	2
1319	11030	2
1504	11030	2
1523	11030	2
1727	11030	2
3133	11030	2
3837	11030	2
68	11031	2
275	11031	2
300	11031	2
372	11031	2
1156	11031	2
1185	11031	2
1320	11031	2
1553	11031	2
1666	11031	2
1854	11031	2
1920	11031	2
1927	11031	2
1974	11031	2
1997	11031	2
2002	11031	2
2016	11031	2
2046	11031	2
2510	11031	2
3054	11031	2
1329	11032	2
1523	11032	2
1956	11032	2
2043	11032	2
2954	11032	2
504	11033	2
1983	11034	2
3806	11034	2
1420	11035	2
105	11037	2
175	11037	2
218	11037	2
317	11037	2
349	11037	2
359	11037	2
440	11037	2
747	11037	2
799	11037	2
801	11037	2
805	11037	2
844	11037	2
998	11037	2
1140	11037	2
1590	11037	2
1797	11037	2
1943	11037	2
2222	11037	2
2333	11037	2
2497	11037	2
2523	11037	2
2570	11037	2
2616	11037	2
2695	11037	2
3188	11037	2
3247	11037	2
3678	11037	2
3693	11037	2
3696	11037	2
3878	11037	2
3027	11038	2
436	11039	2
887	11039	2
2032	11039	2
2790	11039	2
3943	11039	2
1374	11040	2
1727	11040	2
4141	11040	2
2517	11041	2
979	11042	2
1227	11042	2
2038	11042	2
3150	11042	2
3169	11042	2
3206	11042	2
3300	11042	2
3302	11042	2
3307	11042	2
3382	11042	2
3390	11042	2
3399	11042	2
3409	11042	2
3446	11042	2
3452	11042	2
3499	11042	2
3587	11042	2
3607	11042	2
3637	11042	2
3693	11042	2
3744	11042	2
3748	11042	2
3749	11042	2
3751	11042	2
3876	11042	2
3881	11042	2
3962	11042	2
4094	11042	2
4104	11042	2
50	11043	2
236	11043	2
649	11043	2
1471	11043	2
3170	11043	2
3229	11043	2
3363	11043	2
3656	11043	2
3745	11043	2
3837	11043	2
4049	11043	2
4113	11043	2
2409	11044	2
2856	11044	2
3302	11044	2
1282	11045	2
1324	11045	2
2448	11045	2
2730	11045	2
2742	11045	2
3004	11045	2
32	11047	2
100	11047	2
186	11047	2
222	11047	2
245	11047	2
436	11047	2
560	11047	2
707	11047	2
861	11047	2
1135	11047	2
1215	11047	2
1358	11047	2
1616	11047	2
1666	11047	2
1900	11047	2
2050	11047	2
2202	11047	2
2228	11047	2
2524	11047	2
3478	11047	2
3666	11047	2
2847	11049	2
183	11054	2
995	11054	2
1140	11054	2
1642	11054	2
2264	11054	2
3073	11054	2
3874	11054	2
4108	11055	2
3705	11056	2
3897	11056	2
3789	11057	2
263	11058	2
2251	11058	2
44	11059	2
50	11059	2
113	11059	2
127	11059	2
245	11059	2
327	11059	2
369	11059	2
402	11059	2
408	11059	2
422	11059	2
436	11059	2
490	11059	2
631	11059	2
665	11059	2
753	11059	2
774	11059	2
805	11059	2
966	11059	2
981	11059	2
1039	11059	2
1140	11059	2
1339	11059	2
1432	11059	2
1547	11059	2
1560	11059	2
1568	11059	2
1576	11059	2
1630	11059	2
1692	11059	2
1705	11059	2
1916	11059	2
1986	11059	2
2042	11059	2
2063	11059	2
2359	11059	2
2433	11059	2
2730	11059	2
2933	11059	2
3047	11059	2
3579	11059	2
3637	11059	2
3657	11059	2
3696	11059	2
3927	11059	2
4015	11059	2
865	11060	2
1128	11060	2
4108	11060	2
2215	11061	2
3722	11061	2
3691	11064	2
1293	11066	2
1770	11066	2
1542	11067	2
2166	11068	2
2677	11068	2
3578	11068	2
2856	11071	2
3093	11071	2
631	11072	2
290	11073	2
582	11073	2
801	11073	2
948	11073	2
1939	11073	2
4054	11073	2
440	11074	2
947	11074	2
3745	11076	2
2409	11077	2
690	11078	2
3384	11078	2
10	11080	2
3927	11080	2
118	11081	2
782	11081	2
4044	11081	2
2000	11082	2
844	11083	2
966	11083	2
1031	11083	2
1733	11083	2
1944	11083	2
2826	11083	2
3335	11083	2
3612	11083	2
3829	11083	2
8	11084	2
116	11084	2
2589	11084	2
1570	11085	2
2433	11085	2
64	11088	2
977	11088	2
481	11094	2
2424	11094	2
2790	11094	2
2828	11094	2
3954	11094	2
14	11095	2
27	11095	2
76	11095	2
749	11095	2
977	11095	2
1226	11095	2
1612	11095	2
1712	11095	2
4108	11095	2
101	11097	2
352	11097	2
743	11097	2
3729	11097	2
3949	11097	2
3986	11097	2
263	11098	2
346	11098	2
478	11098	2
587	11098	2
632	11098	2
786	11098	2
1513	11098	2
1809	11098	2
1991	11098	2
2306	11098	2
2524	11098	2
2677	11098	2
3071	11098	2
3335	11098	2
3344	11098	2
3434	11098	2
3537	11098	2
3542	11098	2
3546	11098	2
3559	11098	2
3722	11098	2
3906	11098	2
4005	11098	2
4022	11098	2
4038	11098	2
4001	11099	2
902	11100	2
985	11100	2
1052	11100	2
1216	11100	2
1784	11100	2
1785	11100	2
2954	11100	2
100	11101	2
1282	11101	2
1541	11101	2
2902	11102	2
3270	11102	2
3292	11102	2
560	11103	2
1975	11103	2
4099	11103	2
1115	11107	2
1193	11107	2
2078	11107	2
4103	11107	2
550	11108	2
582	11109	2
977	11109	2
2458	11109	2
2561	11109	2
1812	11114	2
3411	11114	2
3448	11114	2
3611	11114	2
3705	11114	2
3748	11114	2
3876	11114	2
3937	11114	2
4013	11114	2
1232	11115	2
2828	11115	2
4113	11117	2
2389	11118	2
3272	11119	2
3409	11119	2
3229	11120	2
3316	11120	2
3714	11120	2
3779	11120	2
3789	11120	2
4034	11120	2
1815	11121	2
2082	11121	2
2258	11121	2
3170	11121	2
3794	11121	2
4049	11121	2
673	11127	2
2570	11127	2
2707	11127	2
4131	11127	2
1042	11128	2
1179	11128	2
1619	11128	2
743	11134	2
906	11134	2
628	11136	2
1563	11136	2
3417	11136	2
3542	11136	2
3587	11136	2
3755	11136	2
111	11137	2
944	11137	2
199	11138	2
2411	11138	2
125	11141	2
622	11141	2
1643	11141	2
3220	11143	2
1429	11144	2
1528	11144	2
1575	11144	2
3321	11144	2
927	11145	2
1374	11145	2
1533	11145	2
1576	11145	2
1626	11145	2
1739	11145	2
2441	11145	2
3949	11145	2
1953	11146	2
1686	11147	2
1761	11147	2
2930	11147	2
3075	11148	2
3409	11151	2
1015	11153	2
2134	11154	2
2414	11154	2
72	11156	2
391	11156	2
548	11156	2
716	11156	2
731	11156	2
749	11156	2
802	11156	2
913	11156	2
1305	11156	2
1453	11156	2
1877	11156	2
2031	11156	2
2491	11156	2
2668	11156	2
3015	11156	2
3620	11156	2
305	11160	2
1060	11160	2
1113	11160	2
1232	11160	2
1257	11160	2
1320	11160	2
1373	11160	2
1389	11160	2
1492	11160	2
1514	11160	2
1686	11160	2
1702	11160	2
1998	11160	2
2425	11160	2
3894	11160	2
3912	11160	2
4131	11160	2
728	11161	2
1399	11161	2
2107	11161	2
3399	11161	2
3505	11161	2
3964	11161	2
977	11162	2
3390	11162	2
3404	11162	2
3456	11162	2
3585	11162	2
3806	11162	2
3808	11162	2
4013	11162	2
2311	11163	2
3606	11163	2
1453	11164	2
2441	11164	2
2813	11164	2
3937	11164	2
327	11165	2
404	11165	2
546	11165	2
632	11165	2
844	11165	2
1835	11166	2
3297	11166	2
3696	11166	2
706	11167	2
1060	11167	2
2393	11167	2
302	11168	2
981	11168	2
1616	11168	2
1967	11168	2
1994	11168	2
2037	11168	2
3252	11168	2
3402	11168	2
3446	11168	2
3522	11168	2
3872	11168	2
3904	11168	2
3906	11168	2
4063	11168	2
2155	11169	2
1128	11170	2
1365	11170	2
1379	11170	2
1427	11170	2
1815	11170	2
2059	11170	2
2399	11170	2
3454	11170	2
3538	11170	2
3897	11170	2
500	11175	2
1630	11175	2
4035	11175	2
3079	11176	2
3133	11176	2
320	11177	2
4108	11179	2
139	11180	2
345	11181	2
2421	11182	2
2683	11182	2
199	11183	2
3698	11183	2
3382	11184	2
18	11185	2
54	11185	2
100	11185	2
356	11185	2
649	11185	2
786	11185	2
908	11185	2
994	11185	2
1304	11185	2
1604	11185	2
1758	11185	2
1812	11185	2
1992	11185	2
2394	11185	2
2395	11185	2
2523	11185	2
2543	11185	2
2609	11185	2
2874	11185	2
3272	11185	2
3498	11185	2
3542	11185	2
3585	11185	2
3872	11185	2
3970	11185	2
1144	11186	2
1189	11186	2
1600	11186	2
3261	11186	2
3694	11186	2
153	11188	2
402	11188	2
863	11188	2
984	11188	2
1049	11188	2
1051	11188	2
1062	11188	2
1082	11188	2
1127	11188	2
1144	11188	2
1156	11188	2
1191	11188	2
1208	11188	2
1276	11188	2
1304	11188	2
1327	11188	2
1358	11188	2
1436	11188	2
1463	11188	2
1544	11188	2
1576	11188	2
1600	11188	2
1755	11188	2
1802	11188	2
1816	11188	2
1863	11188	2
1907	11188	2
1927	11188	2
3262	11190	2
3619	11190	2
3829	11190	2
222	11191	2
796	11192	2
2399	11192	2
3630	11192	2
810	11193	2
1003	11193	2
1042	11193	2
1254	11193	2
1319	11193	2
1403	11193	2
354	11195	2
644	11195	2
1459	11195	2
2448	11195	2
2921	11195	2
3874	11195	2
162	11197	2
1130	11197	2
3511	11197	2
2233	11200	2
3041	11200	2
2161	11202	2
3498	11202	2
3505	11202	2
1459	11203	2
2073	11203	2
2078	11203	2
2087	11203	2
3134	11203	2
70	11204	2
191	11204	2
1600	11204	2
1612	11204	2
2000	11204	2
2149	11204	2
2393	11204	2
2818	11204	2
2902	11204	2
2904	11204	2
416	11206	2
2020	11208	2
2397	11208	2
2707	11208	2
2847	11208	2
3001	11208	2
3057	11208	2
3535	11208	2
3592	11208	2
3794	11208	2
4141	11208	2
391	11209	2
1039	11209	2
1305	11209	2
1439	11209	2
1503	11209	2
1975	11209	2
2389	11209	2
2537	11209	2
2838	11209	2
2977	11209	2
3537	11209	2
3555	11209	2
3977	11209	2
2856	11210	2
3970	11210	2
232	11211	2
3031	11211	2
3100	11211	2
2847	11212	2
2938	11212	2
3127	11212	2
3505	11212	2
3876	11212	2
3075	11214	2
622	11215	2
2222	11215	2
3162	11215	2
913	11216	2
968	11216	2
1276	11216	2
1309	11216	2
1526	11216	2
1589	11216	2
1758	11216	2
1907	11216	2
1975	11216	2
2480	11216	2
2548	11216	2
3245	11216	2
3806	11216	2
298	11217	2
2959	11217	2
127	11218	2
547	11218	2
900	11218	2
921	11218	2
1260	11218	2
1533	11218	2
1642	11218	2
1853	11218	2
2174	11218	2
3057	11218	2
1273	11220	2
3213	11223	2
416	11227	2
442	11230	2
1794	11230	2
2397	11231	2
3057	11231	2
429	11234	2
3293	11235	2
18	11237	2
550	11237	2
597	11237	2
681	11237	2
2042	11237	2
2432	11237	2
657	11238	2
1942	11238	2
2130	11238	2
2177	11238	2
2859	11239	2
2161	11240	2
3129	11240	2
109	11241	2
1031	11241	2
1074	11241	2
1143	11241	2
1215	11241	2
2161	11241	2
2275	11241	2
2738	11241	2
3258	11241	2
3535	11241	2
3538	11241	2
3704	11241	2
3872	11241	2
1160	11242	2
2161	11242	2
3555	11242	2
728	11243	2
920	11243	2
1028	11243	2
1063	11243	2
1098	11243	2
1198	11243	2
1544	11243	2
1590	11243	2
1686	11243	2
1919	11243	2
1921	11243	2
1979	11243	2
2027	11243	2
2992	11243	2
3316	11243	2
3729	11243	2
2045	11246	2
77	11247	2
1261	11250	2
1583	11250	2
1983	11250	2
2683	11250	2
2685	11250	2
2687	11250	2
2891	11250	2
3676	11250	2
1265	11251	2
1503	11251	2
1749	11251	2
2296	11251	2
2448	11251	2
2902	11251	2
3213	11251	2
3831	11251	2
859	11255	2
802	11256	2
1129	11256	2
1342	11256	2
1784	11256	2
1983	11256	2
2109	11256	2
1621	11258	2
1872	11258	2
1964	11258	2
3027	11258	2
4126	11258	2
232	11259	2
779	11259	2
1507	11259	2
1686	11259	2
1705	11259	2
1792	11259	2
2471	11259	2
2810	11259	2
3163	11259	2
3505	11259	2
3640	11259	2
3665	11259	2
3831	11259	2
3999	11259	2
1068	11260	2
1257	11260	2
1518	11260	2
3626	11260	2
4035	11260	2
4113	11260	2
1756	11261	2
3278	11261	2
3456	11261	2
3678	11261	2
3961	11261	2
71	11263	2
2648	11263	2
479	11264	2
40	11266	2
1130	11267	2
3771	11267	2
3883	11268	2
3889	11268	2
111	11270	2
1435	11270	2
3017	11270	2
3968	11270	2
1499	11271	2
1953	11271	2
2197	11271	2
2233	11271	2
2930	11271	2
2332	11272	2
3130	11272	2
52	11275	2
263	11275	2
404	11275	2
437	11275	2
1548	11275	2
1920	11275	2
1985	11275	2
2282	11275	2
2326	11275	2
3477	11275	2
4130	11275	2
1604	11278	2
3073	11278	2
3300	11278	2
3882	11278	2
1003	11280	2
36	11281	2
50	11281	2
116	11281	2
216	11281	2
757	11281	2
825	11281	2
1547	11281	2
1692	11281	2
2124	11281	2
2409	11282	2
3292	11282	2
3951	11282	2
680	11284	2
3745	11284	2
153	11285	2
369	11285	2
385	11285	2
402	11285	2
600	11285	2
731	11285	2
825	11285	2
887	11285	2
1160	11285	2
2027	11285	2
2343	11285	2
3172	11285	2
3390	11285	2
3505	11285	2
3798	11285	2
863	11290	2
1453	11290	2
2124	11290	2
2174	11290	2
2222	11290	2
2282	11290	2
2359	11290	2
2675	11290	2
2730	11290	2
2992	11290	2
3404	11290	2
3798	11290	2
3910	11290	2
1004	11292	2
2874	11292	2
3962	11292	2
1091	11293	2
2055	11293	2
2875	11293	2
856	11296	2
1548	11296	2
3261	11296	2
490	11297	2
2085	11299	2
2314	11299	2
2873	11299	2
2970	11299	2
3057	11300	2
779	11303	2
4040	11303	2
18	11304	2
281	11304	2
1044	11304	2
1828	11304	2
2722	11304	2
2749	11304	2
2781	11304	2
3094	11304	2
3363	11304	2
292	11305	2
384	11305	2
530	11305	2
3258	11305	2
2226	11307	2
2685	11307	2
2948	11307	2
4102	11307	2
1379	11308	2
1583	11308	2
1216	11309	2
1557	11309	2
1558	11309	2
2441	11309	2
3251	11309	2
3411	11309	2
3434	11309	2
3705	11309	2
3835	11309	2
1609	11311	2
1619	11311	2
1921	11311	2
3961	11311	2
1301	11313	2
2088	11313	2
2108	11313	2
2856	11313	2
3184	11313	2
3416	11313	2
3789	11313	2
3794	11313	2
4127	11313	2
526	11314	2
2252	11314	2
2289	11319	2
2981	11319	2
3341	11319	2
3399	11319	2
956	11324	2
1299	11324	2
2059	11325	2
1049	11326	2
1327	11326	2
2648	11326	2
3134	11326	2
76	11327	2
481	11327	2
747	11327	2
1004	11327	2
1013	11327	2
4	11328	2
27	11328	2
44	11328	2
111	11328	2
277	11328	2
352	11328	2
369	11328	2
429	11328	2
3676	11330	2
3760	11330	2
473	11331	2
1229	11331	2
1387	11331	2
1432	11331	2
1471	11331	2
3118	11331	2
3130	11331	2
30	11333	2
948	11333	2
3943	11333	2
18	11337	2
300	11337	2
319	11337	2
372	11337	2
442	11337	2
892	11337	2
1504	11337	2
1528	11337	2
1575	11337	2
1626	11337	2
1703	11337	2
1854	11337	2
1938	11337	2
1997	11337	2
2002	11337	2
2016	11337	2
2046	11337	2
2071	11337	2
2098	11337	2
2108	11337	2
2112	11337	2
2142	11337	2
2419	11337	2
2420	11337	2
2450	11337	2
2543	11337	2
2655	11337	2
2692	11337	2
2749	11337	2
2814	11337	2
2847	11337	2
3001	11337	2
3249	11337	2
3302	11337	2
3335	11337	2
3821	11337	2
1110	11338	2
1854	11338	2
2873	11338	2
236	11339	2
1551	11339	2
4077	11339	2
707	11340	2
796	11340	2
1673	11340	2
2215	11340	2
2381	11340	2
185	11343	2
587	11343	2
1528	11343	2
1812	11343	2
2343	11343	2
2504	11343	2
2537	11343	2
2583	11343	2
2777	11343	2
2856	11343	2
3169	11343	2
3184	11343	2
3293	11343	2
3486	11343	2
3498	11343	2
3524	11343	2
3630	11343	2
3651	11343	2
3878	11343	2
3880	11343	2
4131	11343	2
77	11344	2
2140	11344	2
2655	11344	2
3950	11344	2
109	11345	2
232	11345	2
401	11345	2
547	11345	2
599	11345	2
652	11345	2
900	11345	2
957	11345	2
968	11345	2
984	11345	2
1098	11345	2
1286	11345	2
1353	11345	2
1531	11345	2
1749	11345	2
1852	11345	2
1956	11345	2
2061	11345	2
2467	11345	2
2524	11345	2
3093	11345	2
3434	11345	2
3640	11345	2
4015	11345	2
4034	11345	2
1160	11348	2
1374	11348	2
1381	11348	2
1448	11348	2
3376	11348	2
3937	11348	2
139	11350	2
2967	11352	2
3953	11352	2
2632	11353	2
1038	11354	2
1153	11354	2
1177	11354	2
1179	11354	2
1202	11354	2
1221	11354	2
1227	11354	2
1229	11354	2
1254	11354	2
1268	11354	2
1387	11354	2
1398	11354	2
1400	11354	2
1452	11354	2
1463	11354	2
1480	11354	2
1502	11354	2
1635	11354	2
1672	11354	2
1753	11354	2
1770	11354	2
1819	11354	2
1983	11354	2
1991	11354	2
1996	11354	2
2085	11354	2
2087	11354	2
2129	11354	2
2130	11354	2
2145	11354	2
2161	11354	2
2171	11354	2
2202	11354	2
2280	11354	2
2343	11354	2
2436	11354	2
2448	11354	2
2471	11354	2
2514	11354	2
2668	11354	2
2692	11354	2
2742	11354	2
2787	11354	2
2814	11354	2
2826	11354	2
2842	11354	2
2873	11354	2
2933	11354	2
2948	11354	2
2959	11354	2
2970	11354	2
3047	11354	2
3054	11354	2
3081	11354	2
3090	11354	2
3094	11354	2
3282	11354	2
3453	11354	2
3620	11354	2
3747	11354	2
3827	11354	2
3874	11354	2
3893	11354	2
3946	11354	2
4017	11354	2
4022	11354	2
4077	11354	2
335	11355	2
1640	11355	2
622	11356	2
1082	11356	2
1492	11356	2
1852	11356	2
1880	11356	2
2142	11356	2
2314	11356	2
2570	11356	2
2970	11356	2
4013	11356	2
4	11361	2
979	11362	2
2078	11362	2
2098	11362	2
2311	11362	2
905	11363	2
1169	11363	2
1389	11363	2
1814	11363	2
3219	11363	2
3555	11363	2
1109	11364	2
1185	11364	2
3259	11364	2
3889	11364	2
928	11365	2
3883	11365	2
3897	11366	2
655	11367	2
5	11369	2
454	11369	2
926	11369	2
548	11370	2
1080	11370	2
1793	11370	2
1872	11370	2
2174	11370	2
2722	11370	2
2847	11370	2
2938	11370	2
3054	11370	2
3081	11370	2
3876	11370	2
600	11371	2
698	11371	2
809	11371	2
951	11371	2
3129	11371	2
3841	11372	2
4017	11372	2
229	11373	2
1389	11373	2
3823	11373	2
346	11375	2
638	11375	2
1939	11375	2
2314	11375	2
2851	11375	2
2904	11375	2
3094	11375	2
3602	11375	2
367	11376	2
1980	11376	2
2002	11376	2
2665	11376	2
1419	11377	2
3950	11377	2
3953	11377	2
4103	11378	2
2333	11379	2
1075	11382	2
1179	11382	2
1383	11382	2
1629	11382	2
2436	11382	2
2471	11382	2
2665	11382	2
3644	11382	2
3970	11382	2
1739	11383	2
1997	11383	2
2830	11383	2
2848	11384	2
324	11386	2
1544	11386	2
2089	11386	2
2517	11386	2
216	11387	2
757	11387	2
1285	11387	2
1286	11387	2
1943	11387	2
2411	11387	2
2562	11387	2
2994	11387	2
3213	11387	2
1135	11389	2
1844	11389	2
750	11390	2
1095	11390	2
1673	11390	2
2233	11390	2
2944	11390	2
8	11392	2
179	11392	2
210	11392	2
298	11392	2
500	11392	2
591	11392	2
597	11392	2
681	11392	2
690	11392	2
790	11392	2
2419	11392	2
3015	11392	2
3079	11392	2
3420	11392	2
4001	11392	2
964	11396	2
1673	11396	2
3837	11396	2
1702	11397	2
2376	11397	2
2609	11397	2
3066	11397	2
4141	11397	2
819	11398	2
2533	11399	2
2933	11399	2
3118	11399	2
44	11401	2
127	11401	2
486	11401	2
891	11401	2
908	11401	2
913	11401	2
968	11401	2
1709	11401	2
1968	11401	2
2029	11401	2
2533	11401	2
3353	11401	2
3608	11401	2
3892	11401	2
947	11403	2
1299	11404	2
1398	11405	2
2793	11406	2
1095	11407	2
1756	11408	2
4038	11408	2
2228	11410	2
1153	11412	2
1565	11412	2
1718	11412	2
1940	11412	2
1942	11412	2
2061	11412	2
4022	11412	2
1623	11414	2
470	11415	2
2874	11416	2
125	11418	2
853	11418	2
2730	11418	2
3579	11418	2
1640	11419	2
2674	11419	2
2905	11419	2
3272	11419	2
790	11421	2
883	11421	2
3537	11421	2
382	11422	2
531	11422	2
636	11422	2
1135	11422	2
1268	11422	2
1480	11422	2
1492	11422	2
1560	11422	2
1570	11422	2
1623	11422	2
1703	11422	2
1986	11422	2
2032	11422	2
2037	11422	2
2381	11422	2
3420	11422	2
3446	11422	2
3751	11422	2
4058	11422	2
1551	11424	2
2425	11424	2
2514	11424	2
2782	11424	2
3282	11424	2
3418	11424	2
3698	11424	2
3906	11424	2
3986	11424	2
1177	11425	2
1983	11425	2
2029	11425	2
3882	11426	2
1319	11428	2
2177	11429	2
2734	11430	2
1127	11431	2
1411	11431	2
1640	11431	2
319	11432	2
402	11432	2
408	11432	2
456	11432	2
956	11432	2
984	11432	2
995	11432	2
1028	11432	2
1044	11432	2
1049	11432	2
1051	11432	2
1062	11432	2
1068	11432	2
1082	11432	2
1115	11432	2
1125	11432	2
1127	11432	2
1142	11432	2
1151	11432	2
1171	11432	2
1189	11432	2
1219	11432	2
1227	11432	2
1243	11432	2
1262	11432	2
1265	11432	2
1266	11432	2
1304	11432	2
1305	11432	2
1309	11432	2
1330	11432	2
1358	11432	2
1373	11432	2
1436	11432	2
1463	11432	2
1499	11432	2
1503	11432	2
1504	11432	2
1507	11432	2
1509	11432	2
1518	11432	2
1526	11432	2
1559	11432	2
1565	11432	2
1568	11432	2
1585	11432	2
1596	11432	2
1621	11432	2
1623	11432	2
1630	11432	2
1636	11432	2
1642	11432	2
1647	11432	2
1672	11432	2
1692	11432	2
1702	11432	2
1712	11432	2
1733	11432	2
1755	11432	2
1758	11432	2
1767	11432	2
1802	11432	2
1816	11432	2
1828	11432	2
1839	11432	2
1851	11432	2
1863	11432	2
1880	11432	2
1907	11432	2
1919	11432	2
1927	11432	2
1932	11432	2
1940	11432	2
1944	11432	2
2004	11432	2
2020	11432	2
2044	11432	2
2045	11432	2
2048	11432	2
2061	11432	2
2107	11432	2
1815	11434	2
3808	11434	2
116	11435	2
329	11435	2
437	11435	2
926	11435	2
2497	11435	2
118	11436	2
323	11436	2
531	11436	2
636	11436	2
657	11436	2
1140	11436	2
1293	11436	2
1307	11436	2
1419	11436	2
1792	11436	2
1815	11436	2
1938	11436	2
2016	11436	2
2043	11436	2
2134	11436	2
2275	11436	2
2414	11436	2
2675	11436	2
2687	11436	2
2766	11436	2
2777	11436	2
2848	11436	2
2851	11436	2
2959	11436	2
3037	11436	2
3038	11436	2
3129	11436	2
3130	11436	2
3145	11436	2
3229	11436	2
3249	11436	2
3372	11436	2
3376	11436	2
3448	11436	2
3585	11436	2
3602	11436	2
3606	11436	2
3808	11436	2
3845	11436	2
3955	11436	2
3977	11436	2
4131	11436	2
407	11438	2
514	11438	2
639	11438	2
653	11438	2
782	11438	2
1373	11438	2
1785	11438	2
2135	11438	2
2252	11438	2
2393	11438	2
2683	11438	2
2874	11438	2
3245	11438	2
3612	11438	2
3651	11438	2
3676	11438	2
3880	11438	2
4040	11438	2
4049	11438	2
15	11439	2
185	11439	2
361	11439	2
597	11439	2
663	11439	2
786	11439	2
920	11439	2
1273	11439	2
1389	11439	2
1448	11439	2
1463	11439	2
1585	11439	2
2091	11439	2
2135	11439	2
2161	11439	2
2875	11439	2
3102	11439	2
3219	11439	2
3300	11439	2
3417	11439	2
3486	11439	2
3524	11439	2
3587	11439	2
3651	11439	2
3842	11439	2
3878	11439	2
4103	11439	2
712	11442	2
729	11442	2
957	11442	2
600	11443	2
639	11443	2
664	11443	2
698	11443	2
368	11444	2
3188	11444	2
3666	11444	2
4127	11444	2
774	11445	2
843	11445	2
1011	11445	2
1059	11445	2
2042	11445	2
2124	11445	2
2749	11445	2
2859	11445	2
2970	11445	2
3094	11445	2
3142	11445	2
3270	11445	2
3592	11445	2
4086	11445	2
859	11447	2
1004	11448	2
1528	11448	2
2504	11448	2
2583	11448	2
2685	11448	2
2782	11448	2
2856	11448	2
3184	11448	2
3293	11448	2
3688	11448	2
345	11451	2
547	11452	2
729	11452	2
1083	11452	2
2055	11452	2
4110	11452	2
236	11454	2
1563	11454	2
1839	11454	2
4099	11454	2
729	11455	2
1083	11455	2
2055	11455	2
4110	11455	2
547	11456	2
4003	11456	2
300	11457	2
359	11457	2
372	11457	2
796	11457	2
957	11457	2
1177	11457	2
1221	11457	2
1329	11457	2
1754	11457	2
1779	11457	2
2222	11457	2
2405	11457	2
2497	11457	2
2595	11457	2
2609	11457	2
2734	11457	2
3054	11457	2
3066	11457	2
3307	11457	2
170	11458	2
109	11459	2
345	11459	2
631	11459	2
712	11459	2
738	11459	2
742	11459	2
843	11459	2
954	11459	2
997	11459	2
1254	11459	2
1268	11459	2
1365	11459	2
2050	11459	2
2369	11459	2
2393	11459	2
2561	11459	2
2632	11459	2
2674	11459	2
2902	11459	2
2963	11459	2
3001	11459	2
3404	11459	2
3704	11459	2
3798	11459	2
3831	11459	2
1330	11460	2
1435	11460	2
1784	11460	2
2394	11460	2
2395	11460	2
3563	11460	2
3592	11460	2
3964	11460	2
1542	11463	2
1038	11464	2
2842	11464	2
664	11467	2
707	11468	2
70	11470	2
97	11470	2
280	11470	2
422	11470	2
470	11470	2
500	11470	2
509	11470	2
550	11470	2
597	11470	2
652	11470	2
655	11470	2
660	11470	2
733	11470	2
778	11470	2
786	11470	2
859	11470	2
1342	11470	2
1983	11470	2
3608	11470	2
3620	11470	2
1041	11471	2
1125	11471	2
1940	11471	2
71	11472	2
298	11472	2
600	11472	2
639	11472	2
664	11472	2
698	11472	2
859	11472	2
1420	11472	2
1709	11472	2
2824	11472	2
2921	11473	2
1045	11476	2
356	11478	2
636	11478	2
957	11478	2
1015	11478	2
1031	11478	2
2859	11478	2
2931	11478	2
3252	11478	2
3618	11478	2
3823	11478	2
3946	11478	2
2076	11479	2
2131	11479	2
2314	11479	2
959	11480	2
3066	11480	2
3122	11480	2
54	11481	2
2589	11481	2
3367	11481	2
1004	11483	2
404	11485	2
1568	11485	2
2073	11486	2
3587	11486	2
1967	11487	2
3329	11487	2
3542	11487	2
947	11489	2
1169	11489	2
1320	11489	2
2800	11489	2
2921	11489	2
2977	11489	2
3004	11489	2
3894	11489	2
3999	11489	2
32	11490	2
191	11490	2
320	11490	2
440	11490	2
485	11490	2
531	11490	2
587	11490	2
638	11490	2
843	11490	2
867	11490	2
906	11490	2
954	11490	2
1389	11490	2
1586	11490	2
2063	11490	2
2333	11490	2
2399	11490	2
2616	11490	2
3386	11490	2
3780	11490	2
632	11492	2
1082	11492	2
680	11493	2
735	11493	2
163	11494	2
853	11494	2
985	11494	2
1013	11494	2
1546	11494	2
2796	11494	2
4022	11494	2
4058	11494	2
375	11495	2
855	11495	2
920	11495	2
2450	11495	2
2848	11495	2
2992	11495	2
3354	11495	2
10	11496	2
3051	11497	2
229	11498	2
3135	11498	2
3307	11498	2
856	11499	2
3498	11502	2
317	11503	2
3946	11503	2
125	11504	2
162	11504	2
261	11504	2
657	11504	2
742	11504	2
1305	11504	2
1330	11504	2
1629	11504	2
2264	11504	2
2648	11504	2
2695	11504	2
3297	11504	2
1045	11506	2
1189	11506	2
358	11508	2
1523	11508	2
1856	11508	2
1968	11508	2
2059	11508	2
2071	11508	2
2129	11508	2
2780	11508	2
2933	11508	2
3051	11508	2
4077	11509	2
994	11510	2
2480	11511	2
3620	11511	2
2119	11512	2
36	11513	2
119	11513	2
1304	11513	2
1349	11513	2
2155	11513	2
2875	11513	2
111	11514	2
2226	11514	2
2959	11514	2
44	11515	2
68	11515	2
127	11515	2
863	11515	2
913	11515	2
995	11515	2
1082	11515	2
1208	11515	2
1309	11515	2
1313	11515	2
1327	11515	2
1358	11515	2
1627	11515	2
1758	11515	2
1828	11515	2
1863	11515	2
1927	11515	2
2055	11515	2
3206	11515	2
402	11516	2
856	11516	2
984	11516	2
1051	11516	2
1062	11516	2
1127	11516	2
1144	11516	2
1151	11516	2
1171	11516	2
1276	11516	2
1285	11516	2
1286	11516	2
1304	11516	2
1436	11516	2
1523	11516	2
1542	11516	2
1585	11516	2
1600	11516	2
1733	11516	2
2045	11516	2
2343	11516	2
1727	11517	2
3229	11517	2
2450	11518	2
52	11520	2
72	11520	2
97	11520	2
105	11520	2
170	11520	2
632	11520	2
728	11520	2
761	11520	2
1919	11520	2
2109	11520	2
3142	11520	2
3251	11520	2
3278	11520	2
3456	11520	2
3955	11520	2
2675	11521	2
4001	11523	2
1647	11525	2
2258	11525	2
2125	11527	2
2202	11527	2
2073	11529	2
2150	11529	2
2307	11529	2
2376	11529	2
2458	11529	2
2376	11532	2
2548	11532	2
2818	11532	2
944	11533	2
1344	11533	2
3005	11534	2
1770	11535	2
3015	11536	2
3005	11537	2
3071	11537	2
2948	11538	2
1193	11543	2
1839	11543	2
3444	11544	2
3477	11544	2
3704	11544	2
3705	11545	2
3015	11546	2
594	11548	2
2419	11548	2
3692	11548	2
964	11549	2
2331	11550	2
4058	11551	2
1996	11552	2
3651	11553	2
3982	11553	2
1159	11554	2
1282	11554	2
1583	11554	2
2468	11554	2
3170	11554	2
3453	11554	2
3595	11554	2
3955	11554	2
664	11555	2
698	11555	2
796	11555	2
1712	11555	2
1754	11555	2
2215	11555	2
3197	11555	2
4068	11555	2
716	11556	2
1427	11557	2
2796	11557	2
2149	11558	2
2935	11558	2
3910	11558	2
1080	11559	2
2710	11560	2
1483	11561	2
2818	11561	2
3382	11562	2
678	11563	2
764	11563	2
1120	11563	2
1275	11563	2
1439	11563	2
1814	11563	2
1994	11563	2
2044	11563	2
1130	11564	2
3821	11565	2
2226	11566	2
3530	11567	2
678	11568	2
809	11568	2
856	11568	2
964	11568	2
1120	11568	2
1275	11568	2
1439	11568	2
1814	11568	2
1994	11568	2
2044	11568	2
2333	11568	2
3034	11568	2
3975	11568	2
1658	11569	2
2054	11569	2
323	11570	2
384	11570	2
2043	11570	2
2178	11570	2
2222	11570	2
2323	11570	2
2777	11570	2
3287	11570	2
3390	11570	2
3755	11570	2
3845	11570	2
3530	11571	2
887	11572	2
2790	11572	2
359	11573	2
1324	11573	2
1586	11573	2
1612	11573	2
1832	11573	2
2087	11573	2
2405	11573	2
2425	11573	2
2523	11573	2
3070	11573	2
3099	11573	2
3206	11573	2
958	11574	2
3386	11574	2
2078	11576	2
3478	11576	2
530	11577	2
2046	11577	2
3444	11577	2
3688	11577	2
3768	11577	2
2119	11578	2
56	11579	2
72	11579	2
280	11579	2
290	11579	2
317	11579	2
354	11579	2
571	11579	2
753	11579	2
769	11579	2
778	11579	2
858	11579	2
865	11579	2
899	11579	2
985	11579	2
993	11579	2
998	11579	2
1015	11579	2
1916	11579	2
2504	11579	2
2546	11579	2
3150	11579	2
3261	11579	2
3293	11579	2
3579	11579	2
3630	11579	2
3657	11579	2
657	11580	2
742	11580	2
3297	11580	2
3693	11580	2
1429	11583	2
2332	11585	2
392	11586	2
622	11586	2
1254	11586	2
1974	11586	2
2129	11586	2
2800	11586	2
3025	11586	2
3049	11586	2
3091	11586	2
346	11587	2
1939	11587	2
2904	11587	2
3091	11587	2
3420	11587	2
2166	11588	2
3708	11588	2
690	11589	2
2141	11589	2
2782	11590	2
2177	11591	2
3047	11591	2
1453	11592	2
1770	11592	2
2362	11592	2
3685	11592	2
742	11593	2
1120	11593	2
3417	11593	2
3745	11594	2
186	11595	2
958	11596	2
3150	11597	2
3665	11597	2
97	11599	2
2054	11601	2
2800	11603	2
416	11606	2
1943	11606	2
3170	11606	2
3247	11606	2
3882	11606	2
5	11607	2
101	11607	2
119	11607	2
153	11607	2
158	11607	2
163	11607	2
191	11607	2
327	11607	2
329	11607	2
335	11607	2
377	11607	2
418	11607	2
448	11607	2
493	11607	2
571	11607	2
572	11607	2
599	11607	2
631	11607	2
638	11607	2
678	11607	2
698	11607	2
733	11607	2
738	11607	2
749	11607	2
753	11607	2
790	11607	2
837	11607	2
848	11607	2
865	11607	2
883	11607	2
1013	11607	2
1546	11607	2
1916	11607	2
2264	11607	2
3579	11607	2
3657	11607	2
3739	11607	2
3747	11607	2
3780	11607	2
3841	11607	2
3943	11607	2
3968	11607	2
4071	11607	2
4126	11607	2
32	11608	2
44	11608	2
77	11608	2
263	11608	2
274	11608	2
290	11608	2
358	11608	2
401	11608	2
428	11608	2
440	11608	2
485	11608	2
582	11608	2
712	11608	2
735	11608	2
750	11608	2
778	11608	2
786	11608	2
801	11608	2
843	11608	2
850	11608	2
858	11608	2
899	11608	2
954	11608	2
993	11608	2
1011	11608	2
1419	11608	2
1812	11608	2
2480	11608	2
2592	11608	2
3142	11608	2
3184	11608	2
3247	11608	2
3292	11608	2
3329	11608	2
3363	11608	2
3372	11608	2
3382	11608	2
3386	11608	2
3411	11608	2
3448	11608	2
3453	11608	2
3498	11608	2
3595	11608	2
3611	11608	2
3651	11608	2
3705	11608	2
3747	11608	2
3876	11608	2
3950	11608	2
3974	11608	2
3977	11608	2
4013	11608	2
4054	11608	2
4094	11608	2
4103	11608	2
4104	11608	2
4110	11608	2
4130	11608	2
68	11609	2
245	11609	2
639	11609	2
655	11609	2
1835	11609	2
2076	11609	2
3278	11610	2
3559	11610	2
3949	11610	2
3961	11610	2
4005	11610	2
4068	11610	2
2584	11611	2
3454	11611	2
429	11612	2
1120	11612	2
1261	11612	2
1453	11612	2
2032	11612	2
2441	11612	2
3606	11612	2
3937	11612	2
1629	11613	2
1658	11613	2
2444	11613	2
377	11615	2
4022	11616	2
4077	11616	2
490	11617	2
1916	11617	2
892	11618	2
1202	11618	2
1372	11618	2
1900	11618	2
1921	11618	2
2074	11618	2
3409	11618	2
3587	11618	2
3626	11618	2
3760	11618	2
3874	11618	2
4110	11618	2
3054	11621	2
504	11624	2
632	11624	2
3612	11624	2
1636	11625	2
2050	11625	2
2129	11625	2
2211	11625	2
2305	11625	2
2824	11625	2
3027	11625	2
1975	11626	2
133	11627	2
2131	11627	2
2145	11627	2
2226	11627	2
2289	11627	2
2290	11627	2
2326	11627	2
2331	11627	2
2450	11627	2
2477	11627	2
2510	11627	2
2674	11627	2
2815	11627	2
2848	11627	2
2891	11627	2
3624	11627	2
1761	11629	2
2119	11629	2
2264	11629	2
2307	11629	2
2376	11629	2
2561	11629	2
2930	11629	2
2981	11629	2
3031	11629	2
3100	11629	2
3129	11629	2
3145	11629	2
3231	11630	2
1609	11631	2
1658	11631	2
2054	11631	2
217	11632	2
436	11632	2
908	11632	2
1285	11632	2
1286	11632	2
1797	11632	2
959	11633	2
1514	11633	2
52	11634	2
638	11635	2
644	11635	2
838	11635	2
1573	11635	2
2215	11638	2
1793	11639	2
1943	11639	2
2595	11639	2
2793	11639	2
2687	11640	2
385	11641	2
997	11641	2
1411	11643	2
1432	11643	2
2780	11643	2
3287	11643	2
3954	11643	2
119	11644	2
837	11644	2
478	11645	2
30	11646	2
113	11646	2
382	11646	2
445	11646	2
733	11646	2
769	11646	2
802	11646	2
948	11646	2
1185	11646	2
1227	11646	2
1293	11646	2
1716	11646	2
1828	11646	2
1842	11646	2
1950	11646	2
1996	11646	2
2730	11646	2
34	11647	2
62	11647	2
345	11647	2
628	11647	2
774	11647	2
838	11647	2
1570	11647	2
2433	11647	2
3372	11647	2
3927	11647	2
118	11648	2
782	11648	2
1642	11648	2
3739	11648	2
3879	11648	2
2141	11649	2
3258	11649	2
245	11650	2
385	11650	2
1480	11651	2
3292	11651	2
3390	11651	2
3404	11651	2
3456	11651	2
3585	11651	2
3685	11651	2
3691	11651	2
3760	11651	2
3806	11651	2
3879	11651	2
3982	11651	2
1621	11652	2
3446	11652	2
3722	11653	2
4005	11653	2
317	11654	2
2089	11655	2
2710	11656	2
3708	11656	2
4017	11656	2
1091	11659	2
1144	11659	2
1201	11659	2
1399	11659	2
1600	11659	2
2093	11659	2
2108	11659	2
2548	11659	2
2589	11659	2
2655	11659	2
2891	11659	2
3363	11659	2
599	11660	2
3142	11660	2
3546	11660	2
1083	11661	2
2562	11663	2
2163	11671	2
2687	11671	2
2836	11671	2
3049	11671	2
3341	11671	2
2306	11672	2
3188	11672	2
3133	11673	2
2780	11674	2
3486	11674	2
1658	11675	2
1853	11675	2
3982	11677	2
113	11678	2
185	11678	2
232	11678	2
640	11678	2
657	11678	2
1568	11678	2
2099	11678	2
2775	11678	2
3142	11678	2
3145	11678	2
3162	11678	2
3163	11678	2
3184	11678	2
3197	11678	2
3219	11678	2
3249	11678	2
3262	11678	2
3270	11678	2
3287	11678	2
3288	11678	2
3300	11678	2
3302	11678	2
3307	11678	2
3335	11678	2
3341	11678	2
3344	11678	2
3353	11678	2
3376	11678	2
3417	11678	2
3434	11678	2
3441	11678	2
3477	11678	2
3499	11678	2
3505	11678	2
3508	11678	2
3518	11678	2
3542	11678	2
3563	11678	2
3602	11678	2
3607	11678	2
3608	11678	2
3618	11678	2
3624	11678	2
3631	11678	2
3637	11678	2
3640	11678	2
3644	11678	2
3665	11678	2
3687	11678	2
3692	11678	2
3694	11678	2
3708	11678	2
3714	11678	2
3718	11678	2
3722	11678	2
3729	11678	2
3748	11678	2
3760	11678	2
3768	11678	2
3771	11678	2
3829	11678	2
3845	11678	2
3878	11678	2
3882	11678	2
3892	11678	2
3910	11678	2
3912	11678	2
3962	11678	2
3966	11678	2
3968	11678	2
3977	11678	2
3999	11678	2
4017	11678	2
4034	11678	2
4035	11678	2
4131	11678	2
3229	11679	2
3402	11679	2
3529	11681	2
1673	11683	2
476	11686	2
750	11686	2
1531	11686	2
1672	11686	2
1761	11686	2
1877	11686	2
2944	11686	2
4015	11686	2
3906	11687	2
947	11688	2
3099	11689	2
401	11690	2
2089	11690	2
3070	11690	2
3747	11690	2
488	11691	2
587	11691	2
1271	11691	2
1305	11691	2
1344	11691	2
1499	11691	2
1518	11691	2
1568	11691	2
1609	11691	2
1692	11691	2
1739	11691	2
1888	11691	2
1944	11691	2
1985	11691	2
2044	11691	2
2046	11691	2
2112	11691	2
2163	11691	2
2326	11691	2
2775	11691	2
2810	11691	2
2815	11691	2
113	11692	2
319	11692	2
407	11692	2
456	11692	2
713	11692	2
1041	11692	2
1125	11692	2
1142	11692	2
1182	11692	2
1221	11692	2
1502	11692	2
1553	11692	2
1558	11692	2
1598	11692	2
1609	11692	2
1619	11692	2
1703	11692	2
1712	11692	2
1718	11692	2
1839	11692	2
1844	11692	2
1856	11692	2
1920	11692	2
1929	11692	2
2020	11692	2
2131	11692	2
2359	11692	2
2796	11692	2
2842	11692	2
2992	11692	2
3051	11692	2
1427	11694	2
4086	11696	2
527	11698	2
664	11698	2
997	11698	2
1400	11698	2
1705	11698	2
2004	11698	2
2902	11698	2
3247	11698	2
3986	11698	2
825	11701	2
900	11701	2
158	11702	2
401	11702	2
1353	11702	2
2467	11702	2
2524	11702	2
3093	11702	2
3529	11702	2
4034	11702	2
2420	11705	2
622	11706	2
2289	11706	2
2305	11706	2
2405	11706	2
2570	11706	2
62	11707	2
345	11707	2
486	11707	2
500	11707	2
560	11707	2
660	11707	2
891	11707	2
991	11707	2
382	11708	2
445	11708	2
683	11708	2
1301	11708	2
2150	11708	2
375	11709	2
408	11709	2
707	11709	2
900	11709	2
2044	11709	2
2589	11709	2
3047	11709	2
116	11710	2
181	11710	2
1991	11710	2
1399	11711	2
2781	11711	2
30	11714	2
348	11714	2
368	11714	2
425	11714	2
476	11714	2
948	11714	2
956	11714	2
959	11714	2
1888	11714	2
2130	11714	2
2424	11714	2
2517	11714	2
2722	11714	2
3004	11714	2
3017	11714	2
3222	11714	2
3257	11714	2
3300	11714	2
3384	11714	2
3511	11714	2
3530	11714	2
3619	11714	2
3685	11714	2
3806	11714	2
3841	11714	2
3874	11714	2
3883	11714	2
3889	11714	2
3893	11714	2
3927	11714	2
3941	11714	2
3944	11714	2
3953	11714	2
3975	11714	2
4049	11714	2
4102	11714	2
4127	11714	2
4130	11714	2
981	11715	2
3535	11715	2
422	11716	2
892	11716	2
3297	11716	2
3482	11716	2
3561	11716	2
3678	11716	2
3698	11716	2
3714	11716	2
3946	11716	2
4040	11716	2
2389	11717	2
731	11718	2
1169	11720	2
1640	11720	2
2283	11720	2
3964	11720	2
4038	11720	2
1273	11724	2
3611	11724	2
358	11725	2
418	11725	2
1011	11725	2
1060	11725	2
1063	11725	2
1113	11725	2
1257	11725	2
1299	11725	2
1320	11725	2
1492	11725	2
1507	11725	2
1514	11725	2
1563	11725	2
1686	11725	2
1916	11725	2
1930	11725	2
1938	11725	2
1944	11725	2
2425	11725	2
2921	11725	2
3188	11725	2
3678	11725	2
3894	11725	2
1160	11726	2
1374	11726	2
1471	11726	2
1626	11726	2
2131	11726	2
2369	11726	2
2394	11726	2
2395	11726	2
2905	11726	2
3001	11726	2
3163	11726	2
3257	11726	2
3353	11726	2
3376	11726	2
3880	11726	2
3454	11727	2
673	11728	2
2178	11728	2
2458	11728	2
2504	11728	2
3630	11728	2
2175	11729	2
2477	11729	2
2502	11729	2
3508	11729	2
3718	11729	2
4071	11729	2
1024	11730	2
1809	11730	2
2770	11730	2
3282	11730	2
3880	11730	2
3944	11730	2
4104	11730	2
356	11731	2
416	11731	2
631	11731	2
712	11731	2
738	11731	2
843	11731	2
954	11731	2
997	11731	2
2497	11731	2
2595	11731	2
1307	11733	2
1541	11733	2
1573	11733	2
2135	11733	2
2612	11733	2
425	11734	2
599	11734	2
1052	11734	2
1286	11734	2
1513	11734	2
1523	11734	2
1932	11734	2
1062	11735	2
1285	11735	2
1286	11735	2
2967	11735	2
3749	11735	2
158	11736	2
335	11736	2
416	11736	2
572	11736	2
1095	11736	2
1128	11736	2
1130	11736	2
1835	11736	2
1884	11736	2
1968	11736	2
809	11738	2
1013	11738	2
604	11740	2
2905	11740	2
600	11741	2
944	11741	2
951	11741	2
2171	11741	2
3367	11741	2
3982	11742	2
319	11743	2
1570	11743	2
1647	11743	2
1750	11743	2
1930	11743	2
2016	11743	2
2020	11743	2
2491	11743	2
3049	11743	2
3091	11743	2
3910	11743	2
819	11744	2
1052	11744	2
1109	11744	2
1110	11744	2
1420	11744	2
1531	11744	2
1852	11744	2
2059	11744	2
2815	11744	2
1565	11747	2
162	11748	2
863	11749	2
1324	11749	2
232	11753	2
368	11753	2
425	11753	2
572	11753	2
640	11753	2
1271	11753	2
1419	11753	2
1643	11753	2
1756	11753	2
2004	11753	2
2112	11754	2
2444	11754	2
3206	11754	2
3073	11757	2
2838	11758	2
3941	11761	2
2089	11762	2
3354	11762	2
2683	11764	2
481	11765	2
1750	11765	2
2424	11765	2
3278	11765	2
3954	11765	2
76	11766	2
281	11766	2
1797	11766	2
4086	11766	2
1832	11767	2
3691	11767	2
3889	11767	2
1779	11768	2
2710	11768	2
2874	11768	2
64	11769	2
2421	11769	2
3384	11769	2
3941	11769	2
1060	11770	2
1349	11770	2
1832	11770	2
1368	11771	2
2397	11771	2
3070	11772	2
2359	11773	2
2523	11773	2
1666	11775	2
2171	11775	2
3975	11775	2
467	11776	2
550	11776	2
2749	11776	2
263	11777	2
1229	11777	2
1373	11777	2
1819	11777	2
2405	11777	2
2930	11777	2
3386	11777	2
3842	11777	2
4147	11777	2
1547	11778	2
192	11779	2
1071	11780	2
14	11781	2
27	11781	2
71	11781	2
348	11781	2
354	11781	2
377	11781	2
422	11781	2
527	11781	2
825	11781	2
951	11781	2
1004	11781	2
1159	11781	2
1189	11781	2
1257	11781	2
1533	11781	2
1560	11781	2
1627	11781	2
1709	11781	2
1986	11781	2
2432	11781	2
2891	11781	2
2108	11784	2
2468	11784	2
2963	11784	2
3524	11784	2
8	11785	2
846	11786	2
1049	11786	2
1544	11786	2
1227	11790	2
1373	11790	2
1436	11790	2
855	11791	2
1929	11791	2
1266	11792	2
2275	11792	2
690	11793	2
2766	11793	2
1368	11794	2
2842	11794	2
3620	11794	2
7	11795	2
62	11795	2
113	11795	2
229	11795	2
3499	11795	2
3135	11797	2
2099	11798	2
2810	11798	2
3270	11798	2
3780	11798	2
3827	11798	2
638	11799	2
3688	11799	2
109	11800	2
1015	11800	2
1365	11800	2
3657	11800	2
56	11801	2
764	11801	2
5	11802	2
183	11802	2
290	11802	2
352	11802	2
356	11802	2
571	11802	2
673	11802	2
747	11802	2
769	11802	2
799	11802	2
855	11802	2
865	11802	2
902	11802	2
984	11802	2
985	11802	2
1014	11802	2
1038	11802	2
1059	11802	2
1435	11802	2
1483	11802	2
1544	11802	2
1636	11802	2
1991	11802	2
2032	11802	2
981	11803	2
3892	11803	2
1998	11804	2
44	11805	2
369	11805	2
481	11805	2
2477	11805	2
222	11806	2
305	11806	2
327	11806	2
385	11806	2
476	11806	2
1177	11806	2
1519	11806	2
1709	11806	2
2120	11806	2
2251	11806	2
2813	11806	2
2874	11806	2
2959	11806	2
2977	11806	2
3135	11806	2
3259	11806	2
3376	11806	2
3608	11806	2
3910	11806	2
229	11807	2
404	11807	2
779	11807	2
846	11807	2
1471	11807	2
1589	11807	2
1820	11807	2
2215	11807	2
2458	11807	2
402	11808	2
844	11808	2
1265	11808	2
1716	11808	2
1727	11808	2
2146	11808	2
3578	11808	2
3837	11808	2
2770	11809	2
77	11810	2
1626	11810	2
2524	11810	2
3409	11810	2
3685	11810	2
3739	11810	2
3977	11810	2
1156	11811	2
1576	11811	2
1998	11814	2
3535	11821	2
3592	11821	2
4094	11821	2
109	11822	2
1091	11822	2
1991	11822	2
3538	11822	2
3675	11822	2
3676	11822	2
4104	11822	2
4113	11822	2
1349	11825	2
1793	11825	2
2098	11825	2
2135	11825	2
2296	11825	2
2830	11825	2
3090	11825	2
4063	11825	2
652	11826	2
1127	11826	2
1411	11826	2
1629	11826	2
1739	11826	2
1997	11826	2
2091	11826	2
2264	11826	2
2514	11826	2
2830	11826	2
3037	11826	2
3038	11826	2
3691	11826	2
4058	11826	2
448	11828	2
902	11828	2
2280	11828	2
30	11832	2
68	11832	2
298	11832	2
367	11832	2
392	11832	2
467	11832	2
546	11832	2
549	11832	2
632	11832	2
683	11832	2
906	11832	2
957	11832	2
1559	11832	2
1586	11832	2
1756	11832	2
2131	11832	2
2145	11832	2
2202	11832	2
2280	11832	2
2306	11832	2
2389	11832	2
2411	11832	2
2420	11832	2
2422	11832	2
2514	11832	2
2533	11832	2
2562	11832	2
2570	11832	2
2695	11832	2
2734	11832	2
3070	11832	2
3142	11832	2
3145	11832	2
3231	11832	2
3249	11832	2
3262	11832	2
3272	11832	2
3288	11832	2
3300	11832	2
3321	11832	2
3441	11832	2
3522	11832	2
3618	11832	2
3619	11832	2
3637	11832	2
3665	11832	2
3722	11832	2
3771	11832	2
4035	11832	2
2571	11833	2
18	11834	2
54	11834	2
69	11834	2
218	11834	2
359	11834	2
401	11834	2
454	11834	2
504	11834	2
591	11834	2
597	11834	2
653	11834	2
926	11834	2
1503	11834	2
1940	11834	2
2074	11834	2
2082	11834	2
2125	11834	2
2166	11834	2
2258	11834	2
2326	11834	2
2409	11834	2
2437	11834	2
2458	11834	2
2571	11834	2
2954	11834	2
3093	11834	2
3518	11834	2
3688	11834	2
3760	11834	2
3768	11834	2
354	11835	2
2003	11835	2
1243	11836	2
3321	11836	2
2108	11839	2
2305	11839	2
2409	11839	2
2468	11839	2
2497	11839	2
2665	11839	2
3344	11839	2
3546	11839	2
4001	11839	2
408	11840	2
2215	11840	2
2437	11840	2
404	11842	2
664	11842	2
750	11842	2
3091	11842	2
3146	11842	2
3561	11842	2
3666	11842	2
320	11843	2
1120	11843	2
1513	11843	2
1658	11843	2
1851	11843	2
1956	11843	2
2814	11843	2
3441	11843	2
3452	11843	2
3729	11843	2
3779	11843	2
3966	11843	2
1767	11844	2
40	11845	2
285	11845	2
511	11845	2
2419	11845	2
361	11846	2
713	11846	2
757	11846	2
1062	11846	2
1151	11846	2
1191	11846	2
1282	11846	2
1419	11846	2
1509	11846	2
1514	11846	2
1541	11846	2
1884	11846	2
1932	11846	2
2362	11846	2
2432	11846	2
2800	11846	2
2875	11846	2
2931	11846	2
3075	11846	2
3551	11846	2
1784	11847	2
1880	11847	2
3353	11847	2
3606	11847	2
3951	11847	2
3611	11848	2
292	11849	2
1024	11849	2
2420	11849	2
3412	11849	2
3434	11849	2
3631	11849	2
4071	11849	2
761	11850	2
2707	11851	2
236	11852	2
927	11852	2
1110	11852	2
1193	11852	2
1201	11852	2
1265	11852	2
1339	11852	2
1483	11852	2
1616	11852	2
1666	11852	2
1880	11852	2
2537	11852	2
3145	11852	2
3213	11852	2
3220	11852	2
3252	11852	2
3261	11852	2
3262	11852	2
3282	11852	2
3297	11852	2
3316	11852	2
3321	11852	2
3418	11852	2
3452	11852	2
3518	11852	2
3546	11852	2
3619	11852	2
3675	11852	2
3676	11852	2
3687	11852	2
3694	11852	2
3698	11852	2
3704	11852	2
3714	11852	2
3715	11852	2
3803	11852	2
3829	11852	2
3835	11852	2
3894	11852	2
3927	11852	2
4038	11852	2
4044	11852	2
4113	11852	2
2323	11853	2
2782	11854	2
1761	11855	2
964	11856	2
2369	11856	2
3041	11856	2
3768	11856	2
966	11857	2
3344	11857	2
349	11859	2
4099	11859	2
1499	11860	2
158	11863	2
263	11863	2
335	11863	2
416	11863	2
572	11863	2
653	11863	2
905	11863	2
958	11863	2
993	11863	2
1095	11863	2
1128	11863	2
1130	11863	2
1151	11863	2
1159	11863	2
1169	11863	2
1585	11863	2
1636	11863	2
1835	11863	2
1884	11863	2
1968	11863	2
2050	11863	2
2141	11863	2
2211	11863	2
2228	11863	2
2305	11863	2
2738	11863	2
2824	11863	2
2828	11863	2
4147	11863	2
3595	11864	2
217	11866	2
367	11866	2
594	11866	2
928	11866	2
968	11866	2
3471	11866	2
3482	11866	2
3650	11866	2
3941	11866	2
2258	11867	2
678	11868	2
712	11868	2
1127	11868	2
1129	11869	2
1374	11869	2
2135	11869	2
3197	11869	2
3471	11869	2
3524	11869	2
3538	11869	2
3551	11869	2
3555	11869	2
4099	11869	2
1435	11870	2
1784	11870	2
3968	11870	2
4003	11871	2
698	11875	2
1135	11875	2
2595	11875	2
2824	11875	2
3471	11875	2
3524	11875	2
3551	11875	2
2425	11877	2
3329	11877	2
957	11878	2
1221	11878	2
1754	11878	2
3079	11878	2
905	11879	2
1750	11879	2
15	11880	2
72	11880	2
317	11880	2
504	11880	2
514	11880	2
681	11880	2
1733	11880	2
1313	11881	2
2632	11882	2
2742	11882	2
1329	11883	2
908	11884	2
2332	11884	2
2904	11884	2
733	11885	2
2420	11885	2
2480	11885	2
3372	11885	2
3498	11885	2
186	11887	2
192	11887	2
222	11887	2
305	11887	2
369	11887	2
404	11887	2
716	11887	2
764	11887	2
1202	11887	2
1304	11887	2
1709	11887	2
1820	11887	2
1950	11887	2
2424	11887	2
2444	11887	2
2546	11887	2
2668	11887	2
3578	11887	2
655	11888	2
663	11888	2
707	11888	2
1119	11888	2
1403	11888	2
1518	11888	2
1557	11888	2
1794	11888	2
1820	11888	2
1853	11888	2
2000	11888	2
2233	11888	2
2399	11888	2
991	11891	2
750	11892	2
3837	11893	2
2084	11894	2
2815	11894	2
2935	11894	2
3099	11894	2
2125	11897	2
2146	11897	2
2150	11897	2
2583	11897	2
2584	11897	2
4040	11899	2
18	11900	2
436	11900	2
1797	11900	2
4086	11900	2
1193	11903	2
1185	11905	2
1387	11905	2
1819	11905	2
1964	11905	2
2502	11905	2
2830	11905	2
3675	11905	2
3749	11905	2
36	11906	2
706	11906	2
1547	11906	2
1666	11906	2
2314	11906	2
175	11908	2
324	11908	2
2112	11908	2
891	11910	2
526	11911	2
649	11911	2
1219	11911	2
1344	11911	2
2088	11911	2
2108	11911	2
2252	11911	2
2258	11911	2
2524	11911	2
3017	11911	2
3169	11911	2
3302	11911	2
3416	11911	2
3612	11911	2
3739	11911	2
3789	11911	2
3794	11911	2
3974	11911	2
4038	11911	2
4040	11911	2
1028	11913	2
1232	11913	2
2149	11913	2
3034	11913	2
3486	11915	2
790	11917	2
1045	11917	2
335	11918	2
2283	11918	2
2790	11918	2
1403	11919	2
4141	11921	2
1201	11924	2
1383	11924	2
1411	11924	2
1480	11924	2
1629	11924	2
1739	11924	2
1997	11924	2
2830	11924	2
3386	11924	2
3842	11924	2
4058	11924	2
305	11925	2
70	11927	2
349	11927	2
375	11927	2
663	11927	2
591	11929	2
1636	11929	2
1754	11929	2
706	11930	2
1011	11930	2
1462	11930	2
1507	11930	2
2311	11930	2
3081	11930	2
119	11932	2
163	11932	2
216	11932	2
454	11932	2
837	11932	2
838	11932	2
861	11932	2
285	11933	2
2783	11933	2
3025	11933	2
848	11934	2
1068	11934	2
1979	11934	2
2146	11934	2
2813	11934	2
3363	11934	2
3453	11934	2
1098	11935	2
1271	11935	2
1961	11935	2
2027	11935	2
4147	11935	2
467	11938	2
536	11938	2
735	11938	2
928	11938	2
1215	11938	2
1219	11938	2
1262	11938	2
1301	11938	2
1330	11938	2
1344	11938	2
1585	11938	2
1666	11938	2
1733	11938	2
2045	11938	2
2131	11938	2
2171	11938	2
2905	11938	2
3017	11938	2
3170	11938	2
3222	11938	2
3245	11938	2
3258	11938	2
3259	11938	2
3344	11938	2
3354	11938	2
3453	11938	2
3482	11938	2
3535	11938	2
3563	11938	2
3612	11938	2
3685	11938	2
3755	11938	2
3806	11938	2
3882	11938	2
3889	11938	2
3893	11938	2
3897	11938	2
3944	11938	2
3953	11938	2
3976	11938	2
4003	11938	2
4015	11938	2
4102	11938	2
4130	11938	2
3146	11939	2
1135	11940	2
1339	11940	2
2675	11940	2
2992	11940	2
3982	11942	2
690	11943	2
3882	11943	2
3162	11944	2
352	11945	2
3964	11945	2
738	11946	2
843	11946	2
2467	11946	2
1262	11947	2
2502	11947	2
3508	11947	2
3698	11947	2
3718	11947	2
3751	11947	2
4130	11947	2
4063	11948	2
750	11951	2
