1206	4171	1
310	4177	1
3576	4179	1
2518	4181	1
2853	4182	1
2518	4183	1
4027	4184	1
3427	4185	1
1759	4187	1
1122	4189	1
1166	4197	1
4116	4198	1
79	4203	1
1180	4207	1
1948	4212	1
3742	4214	1
3742	4215	1
1774	4217	1
821	4223	1
291	4226	1
1175	4229	1
1338	4229	1
1417	4229	1
2086	4230	1
1515	4233	1
2352	4235	1
2353	4235	1
2532	4235	1
3243	4245	1
224	4247	1
4043	4256	1
4043	4257	1
4043	4258	1
3490	4259	1
4043	4259	1
3649	4261	1
3554	4268	1
1175	4277	1
2077	4278	1
2196	4279	1
2198	4279	1
2198	4280	1
2989	4280	1
2989	4284	1
627	4285	1
2442	4287	1
2700	4287	1
2811	4287	1
1233	4288	1
2895	4305	1
2652	4310	1
2630	4313	1
1233	4316	1
1233	4317	1
1181	4320	1
3677	4320	1
1417	4325	1
3330	4326	1
1382	4327	1
1382	4328	1
1181	4329	1
1382	4329	1
2033	4329	1
164	4331	1
651	4334	1
2490	4336	1
2495	4336	1
2898	4337	1
3577	4338	1
2214	4342	1
3388	4342	1
219	4343	1
3862	4353	1
1693	4359	1
89	4361	1
89	4362	1
13	4363	1
108	4363	1
2203	4364	1
699	4370	1
759	4370	1
904	4370	1
1186	4370	1
1196	4370	1
1200	4370	1
1316	4370	1
1470	4370	1
1741	4375	1
1840	4379	1
682	4385	1
1801	4388	1
2843	4398	1
1210	4400	1
124	4404	1
1808	4405	1
755	4406	1
2330	4407	1
973	4410	1
3573	4413	1
1748	4414	1
2034	4416	1
1478	4419	1
2298	4425	1
539	4430	1
1748	4430	1
807	4443	1
983	4443	1
983	4455	1
161	4456	1
3899	4457	1
737	4458	1
1054	4459	1
3577	4464	1
1711	4471	1
3480	4472	1
1593	4474	1
1054	4476	1
1981	4477	1
12	4479	1
1036	4479	1
1741	4484	1
1272	4487	1
1887	4487	1
2009	4487	1
2018	4487	1
1272	4493	1
1887	4493	1
251	4505	1
3603	4509	1
1017	4513	1
2762	4514	1
593	4522	1
882	4524	1
347	4525	1
347	4526	1
291	4528	1
374	4530	1
1554	4533	1
1306	4534	1
1340	4534	1
888	4537	1
666	4545	1
730	4546	1
190	4551	1
3673	4553	1
2223	4555	1
603	4573	1
1033	4574	1
2277	4575	1
2277	4576	1
1037	4577	1
784	4580	1
824	4580	1
755	4582	1
584	4583	1
1478	4590	1
88	4592	1
1352	4598	1
2844	4601	1
2845	4601	1
475	4604	1
3189	4605	1
4087	4605	1
1443	4606	1
1443	4607	1
3661	4608	1
4087	4614	1
3095	4623	1
1020	4633	1
888	4638	1
3463	4650	1
2067	4653	1
449	4681	1
1097	4683	1
2962	4684	1
2373	4696	1
3089	4698	1
2941	4719	1
2431	4725	1
3000	4729	1
2086	4733	1
2086	4734	1
2086	4735	1
2086	4736	1
2086	4737	1
2799	4738	1
2284	4749	1
2090	4750	1
2090	4751	1
2304	4752	1
2646	4772	1
2094	4773	1
2094	4774	1
2094	4775	1
2095	4776	1
2095	4777	1
2095	4778	1
2095	4779	1
2095	4780	1
2095	4781	1
2095	4782	1
2095	4783	1
2095	4784	1
2095	4785	1
2095	4786	1
2095	4787	1
2095	4788	1
2095	4789	1
2095	4790	1
2095	4791	1
2764	4791	1
2095	4792	1
2095	4793	1
2095	4794	1
2095	4795	1
2627	4801	1
2868	4806	1
2989	4806	1
3048	4810	1
2373	4811	1
2100	4812	1
1252	4814	1
1306	4814	1
1310	4814	1
1677	4814	1
2173	4814	1
2844	4814	1
2845	4814	1
3732	4814	1
3736	4814	1
1233	4819	1
2418	4819	1
2593	4819	1
2103	4820	1
2103	4821	1
2103	4822	1
3104	4826	1
3104	4827	1
2281	4828	1
2105	4829	1
2105	4830	1
2598	4830	1
2223	4835	1
2402	4838	1
2711	4839	1
2111	4850	1
2111	4851	1
2277	4871	1
595	4880	1
2672	4899	1
2281	4900	1
1240	4901	1
4083	4909	1
3661	4923	1
1145	4932	1
2625	4933	1
2890	4940	1
2627	4941	1
2144	4942	1
612	4946	1
3018	4961	1
2156	4976	1
2156	4977	1
2550	4977	1
3290	4977	1
3303	4977	1
3304	4977	1
3305	4977	1
3395	4977	1
3523	4977	1
3570	4977	1
3661	4977	1
3674	4977	1
3796	4977	1
4050	4977	1
2779	4997	1
2786	5003	1
2840	5003	1
2167	5008	1
3388	5009	1
3573	5009	1
3237	5013	1
2671	5017	1
2890	5019	1
1335	5023	1
2330	5023	1
2173	5024	1
2844	5024	1
2372	5026	1
2918	5044	1
3311	5057	1
3312	5057	1
3781	5057	1
2190	5063	1
852	5066	1
1048	5067	1
3305	5067	1
2762	5073	1
1048	5074	1
3012	5079	1
2198	5081	1
2203	5084	1
2203	5085	1
2204	5089	1
2204	5090	1
3467	5100	1
2214	5113	1
3311	5113	1
3312	5113	1
178	5114	1
2214	5114	1
2383	5115	1
3674	5127	1
2224	5142	1
2641	5144	1
2415	5155	1
2232	5157	1
2962	5168	1
1076	5170	1
1338	5170	1
3330	5170	1
4083	5181	1
3813	5198	1
3991	5198	1
1581	5199	1
2293	5200	1
2849	5200	1
2880	5203	1
2880	5204	1
2257	5212	1
2257	5213	1
2627	5216	1
2890	5223	1
2266	5239	1
759	5242	1
836	5242	1
1017	5242	1
1210	5242	1
190	5243	1
717	5243	1
759	5243	1
807	5243	1
880	5243	1
1017	5243	1
1210	5243	1
1290	5243	1
1316	5243	1
1352	5243	1
3460	5254	1
2277	5263	1
2338	5265	1
2281	5274	1
2281	5275	1
2281	5276	1
2281	5277	1
2281	5278	1
2284	5282	1
3097	5301	1
4036	5302	1
1674	5305	1
3010	5305	1
3398	5307	1
3398	5308	1
2431	5309	1
2298	5311	1
2304	5320	1
2304	5321	1
2892	5340	1
1364	5345	1
2318	5350	1
2962	5369	1
3431	5370	1
3431	5371	1
3431	5372	1
3431	5373	1
3573	5374	1
2338	5375	1
3097	5376	1
3097	5377	1
2330	5379	1
3077	5384	1
2516	5386	1
3649	5389	1
203	5392	1
2338	5394	1
2338	5395	1
1122	5411	1
842	5414	1
1356	5414	1
1469	5414	1
2352	5415	1
2353	5415	1
2353	5416	1
2983	5421	1
1247	5427	1
2427	5429	1
2506	5429	1
3813	5445	1
439	5446	1
433	5447	1
2372	5471	1
2373	5473	1
2373	5474	1
2373	5475	1
2373	5476	1
2373	5477	1
2382	5495	1
2383	5496	1
2868	5497	1
2630	5502	1
2391	5516	1
3052	5519	1
2398	5523	1
2398	5524	1
2401	5526	1
2402	5526	1
2401	5527	1
2527	5542	1
2472	5547	1
2903	5553	1
2418	5556	1
2418	5557	1
2750	5561	1
2792	5567	1
2427	5574	1
3012	5576	1
2576	5581	1
2431	5584	1
2431	5585	1
2431	5586	1
2431	5587	1
2431	5588	1
2431	5589	1
2431	5590	1
672	5593	1
3791	5602	1
1145	5609	1
2697	5610	1
2442	5612	1
3773	5618	1
2640	5623	1
2640	5624	1
3055	5625	1
2518	5630	1
2457	5634	1
2469	5647	1
2472	5653	1
1210	5659	1
700	5660	1
2853	5661	1
3024	5662	1
803	5665	1
452	5668	1
3576	5670	1
3907	5674	1
2898	5675	1
2898	5676	1
2484	5677	1
672	5679	1
697	5680	1
3089	5686	1
2490	5687	1
1759	5688	1
2849	5691	1
1190	5695	1
2030	5695	1
2493	5695	1
1154	5696	1
1190	5696	1
2030	5696	1
2493	5696	1
2493	5697	1
2493	5698	1
2495	5703	1
3583	5707	1
3018	5711	1
2506	5715	1
1278	5720	1
2516	5735	1
2516	5736	1
2516	5737	1
2516	5738	1
2516	5739	1
2516	5740	1
2518	5742	1
1026	5748	1
2527	5758	1
2532	5761	1
3467	5771	1
2541	5773	1
3388	5776	1
3388	5777	1
2550	5786	1
1903	5793	1
2559	5804	1
1657	5811	1
1704	5811	1
1973	5811	1
2799	5815	1
2574	5820	1
2574	5821	1
894	5822	1
1247	5822	1
2576	5823	1
2585	5833	1
3785	5842	1
2593	5845	1
922	5850	1
775	5851	1
854	5851	1
2598	5852	1
3052	5856	1
397	5859	1
792	5862	1
2989	5867	1
2646	5870	1
2625	5882	1
2628	5885	1
2628	5886	1
2630	5889	1
3423	5896	1
2672	5901	1
2672	5902	1
1097	5907	1
2755	5907	1
2640	5918	1
2641	5920	1
2641	5921	1
1237	5924	1
2646	5929	1
2651	5934	1
4059	5940	1
439	5942	1
2671	5953	1
792	5988	1
2700	5999	1
3095	6006	1
2711	6013	1
2718	6021	1
2736	6035	1
1335	6041	1
3815	6048	1
1881	6058	1
1966	6058	1
2762	6059	1
3398	6069	1
2779	6074	1
124	6075	1
752	6075	1
178	6079	1
2786	6081	1
2789	6082	1
1517	6083	1
2870	6084	1
700	6085	1
1210	6085	1
1290	6085	1
1711	6085	1
1704	6087	1
1973	6087	1
2792	6088	1
124	6089	1
405	6089	1
434	6089	1
450	6089	1
593	6089	1
752	6089	1
814	6089	1
2798	6096	1
2799	6096	1
2798	6099	1
2799	6100	1
2799	6101	1
2799	6102	1
2799	6103	1
2811	6114	1
484	6119	1
2840	6120	1
3797	6128	1
2854	6133	1
541	6136	1
2831	6137	1
2831	6138	1
2831	6139	1
2840	6146	1
2840	6147	1
2870	6149	1
2843	6151	1
1306	6153	1
2845	6153	1
3732	6153	1
3736	6153	1
2845	6154	1
2853	6161	1
2853	6162	1
2853	6163	1
2853	6164	1
2853	6165	1
2854	6166	1
1217	6171	1
768	6177	1
770	6177	1
3419	6178	1
3419	6179	1
4059	6179	1
144	6180	1
693	6180	1
700	6180	1
818	6180	1
1166	6180	1
1274	6180	1
1336	6180	1
1711	6180	1
2870	6193	1
483	6195	1
880	6195	1
1955	6200	1
2880	6211	1
2890	6228	1
2890	6229	1
2892	6234	1
2895	6237	1
2895	6238	1
2898	6244	1
2898	6245	1
2898	6246	1
2898	6247	1
2903	6253	1
2903	6254	1
1252	6255	1
1677	6255	1
3030	6256	1
452	6262	1
4132	6262	1
3562	6264	1
4132	6264	1
1306	6271	1
1478	6271	1
3732	6271	1
3736	6271	1
3023	6285	1
2918	6286	1
2918	6287	1
3023	6291	1
3023	6292	1
212	6297	1
3104	6320	1
2941	6321	1
1808	6328	1
1306	6335	1
1186	6340	1
84	6348	1
326	6348	1
641	6348	1
3055	6349	1
3055	6350	1
2983	6383	1
3000	6404	1
3018	6405	1
3010	6415	1
1674	6416	1
3010	6416	1
3018	6428	1
3024	6434	1
3024	6435	1
3030	6442	1
3104	6475	1
1478	6483	1
3077	6493	1
3077	6494	1
3077	6495	1
3077	6496	1
1521	6502	1
3089	6503	1
3406	6504	1
4132	6504	1
1340	6505	1
3406	6506	1
3506	6506	1
1966	6508	1
3089	6508	1
1097	6516	1
1782	6568	1
251	6570	1
1162	6576	1
1164	6576	1
1175	6580	1
904	6583	1
1470	6583	1
1737	6585	1
3144	6589	1
3997	6589	1
4031	6589	1
3742	6590	1
3997	6590	1
4031	6590	1
3265	6591	1
3373	6591	1
3408	6595	1
1610	6596	1
1537	6601	1
1076	6602	1
889	6604	1
3356	6605	1
3752	6605	1
3191	6614	1
3920	6617	1
3244	6624	1
4019	6624	1
3576	6625	1
1211	6628	1
1211	6629	1
4018	6637	1
3815	6641	1
3463	6647	1
3734	6647	1
4051	6647	1
4123	6647	1
3460	6649	1
3365	6656	1
1423	6661	1
3408	6662	1
3408	6663	1
3616	6668	1
3652	6668	1
4081	6671	1
4129	6671	1
3603	6674	1
3315	6675	1
3311	6677	1
3312	6677	1
3428	6678	1
3506	6679	1
3428	6681	1
1006	6685	1
3834	6685	1
1741	6689	1
3600	6691	1
3365	6694	1
1788	6695	1
3785	6697	1
1775	6702	1
1788	6702	1
3712	6712	1
755	6714	1
3408	6715	1
3406	6717	1
1340	6718	1
3408	6719	1
3157	6739	1
59	6743	1
59	6744	1
3569	6745	1
378	6751	1
592	6759	1
474	6765	1
475	6765	1
540	6769	1
3248	6773	1
413	6775	1
670	6778	1
709	6778	1
670	6779	1
709	6779	1
1162	6784	1
204	6786	1
291	6787	1
366	6791	1
708	6792	1
1848	6794	1
1097	6795	1
1029	6804	1
286	6806	1
517	6806	1
864	6806	1
1040	6817	1
3660	6818	1
79	6821	1
3203	6823	1
3764	6823	1
3859	6823	1
1040	6824	1
1297	6825	1
1180	6828	1
79	6832	1
784	6832	1
1029	6833	1
1162	6835	1
1206	6835	1
1466	6835	1
1206	6836	1
438	6848	1
699	6848	1
1517	6848	1
1677	6848	1
160	6849	1
360	6849	1
539	6849	1
973	6849	1
438	6850	1
539	6850	1
1217	6850	1
154	6858	1
156	6858	1
221	6858	1
875	6860	1
91	6862	1
2	6870	1
3248	6875	1
826	6877	1
875	6879	1
2047	6880	1
852	6881	1
686	6891	1
308	6893	1
1594	6894	1
1595	6894	1
614	6895	1
65	6897	1
360	6897	1
618	6897	1
618	6898	1
535	6899	1
207	6901	1
426	6901	1
916	6901	1
65	6906	1
501	6909	1
503	6909	1
1001	6917	1
614	6918	1
614	6919	1
1001	6923	1
826	6924	1
826	6925	1
973	6926	1
755	6929	1
2024	6937	1
1006	6938	1
508	6942	1
1757	6943	1
1618	6946	1
1618	6947	1
3867	6950	1
79	6953	1
3801	6957	1
699	6958	1
700	6958	1
889	6958	1
990	6958	1
1006	6958	1
1618	6958	1
3867	6960	1
339	6961	1
699	6962	1
433	6967	1
1537	6971	1
1748	6972	1
86	6975	1
827	6976	1
517	6982	1
4075	6983	1
556	6986	1
556	6987	1
737	6988	1
1046	6988	1
1046	6989	1
3764	6992	1
3867	6992	1
3867	6995	1
3742	6997	1
207	7003	1
340	7003	1
3356	7006	1
686	7011	1
91	7029	1
96	7029	1
931	7029	1
1495	7029	1
1913	7029	1
931	7030	1
1495	7030	1
1515	7031	1
434	7032	1
894	7034	1
471	7038	1
949	7038	1
1355	7038	1
541	7042	1
1521	7047	1
494	7051	1
730	7051	1
830	7051	1
3577	7051	1
494	7054	1
830	7054	1
3577	7054	1
1036	7058	1
463	7060	1
1154	7061	1
737	7062	1
1241	7072	1
1849	7072	1
1340	7073	1
1340	7074	1
1423	7076	1
708	7077	1
1759	7078	1
1948	7097	1
608	7100	1
651	7100	1
86	7103	1
86	7104	1
86	7105	1
1048	7106	1
824	7110	1
3520	7112	1
3757	7113	1
3761	7113	1
1069	7115	1
1157	7115	1
1158	7115	1
3423	7118	1
227	7123	1
227	7124	1
1840	7126	1
325	7128	1
1843	7129	1
1952	7129	1
1085	7132	1
3332	7135	1
3332	7136	1
3421	7140	1
4036	7141	1
1306	7142	1
3419	7142	1
3554	7142	1
1245	7143	1
3332	7146	1
3849	7148	1
4020	7148	1
3930	7154	1
3649	7158	1
1401	7161	1
1567	7161	1
2034	7161	1
3862	7165	1
3864	7165	1
3649	7168	1
1397	7170	1
1567	7177	1
1401	7181	1
3332	7183	1
3332	7184	1
1981	7188	1
595	7193	1
3864	7194	1
3244	7203	1
1821	7204	1
1843	7205	1
1952	7205	1
1843	7206	1
1952	7206	1
3203	7210	1
1903	7215	1
917	7223	1
1848	7236	1
1252	7237	1
1677	7237	1
1610	7242	1
1195	7244	1
3834	7249	1
1582	7252	1
1450	7255	1
203	7261	1
4036	7264	1
2047	7270	1
1582	7273	1
818	7283	1
1310	7283	1
3616	7291	1
1306	7297	1
1306	7301	1
3506	7304	1
1788	7306	1
3554	7309	1
3554	7310	1
3616	7313	1
1467	7314	1
3707	7315	1
3834	7322	1
3907	7326	1
1801	7328	1
3356	7330	1
1926	7338	1
1746	7340	1
2047	7340	1
584	7345	1
584	7346	1
832	7347	1
271	7351	1
3660	7352	1
164	7354	1
178	7358	1
3166	7359	1
1821	7362	1
1297	7365	1
178	7370	1
1085	7375	1
1659	7381	1
1746	7385	1
2047	7385	1
347	7388	1
193	7390	1
202	7393	1
603	7393	1
1001	7395	1
1931	7395	1
1973	7400	1
1746	7404	1
4078	7407	1
3181	7410	1
3849	7410	1
3991	7410	1
4083	7410	1
3867	7420	1
3490	7422	1
1001	7424	1
3181	7431	1
3348	7431	1
3421	7431	1
4122	7431	1
3712	7436	1
3920	7438	1
3570	7439	1
539	7456	1
931	7461	1
931	7462	1
1495	7462	1
1033	7470	1
452	7471	1
784	7476	1
827	7476	1
784	7479	1
693	7484	1
1210	7484	1
1176	7487	1
1290	7493	1
212	7495	1
3280	7501	1
3991	7501	1
165	7502	1
1757	7504	1
1782	7513	1
315	7517	1
1532	7520	1
1534	7520	1
1478	7523	1
459	7528	1
1511	7534	1
1006	7536	1
284	7537	1
446	7537	1
1450	7544	1
717	7546	1
807	7546	1
880	7546	1
889	7559	1
322	7561	1
758	7561	1
697	7568	1
286	7571	1
907	7578	1
916	7578	1
1362	7579	1
1955	7579	1
3191	7584	1
3933	7586	1
882	7591	1
882	7592	1
4123	7593	1
1190	7604	1
555	7606	1
291	7619	1
244	7622	1
842	7626	1
1181	7631	1
2033	7631	1
1297	7634	1
1297	7635	1
1297	7636	1
1343	7644	1
1777	7646	1
4132	7649	1
1511	7652	1
1593	7659	1
1849	7662	1
1343	7663	1
3248	7666	1
1840	7669	1
916	7670	1
204	7673	1
4051	7680	1
4123	7680	1
2007	7685	1
87	7690	1
770	7690	1
4020	7691	1
197	7694	1
240	7694	1
386	7694	1
387	7694	1
679	7694	1
13	7696	1
822	7696	1
784	7697	1
784	7698	1
1987	7698	1
240	7699	1
822	7699	1
822	7700	1
13	7701	1
822	7701	1
1230	7703	1
1987	7703	1
22	7705	1
491	7705	1
946	7705	1
197	7707	1
197	7709	1
1987	7710	1
1230	7711	1
822	7712	1
822	7713	1
325	7714	1
491	7716	1
22	7717	1
366	7721	1
835	7721	1
827	7727	1
96	7732	1
1489	7737	1
629	7743	1
16	7745	1
413	7745	1
1302	7749	1
1002	7750	1
310	7752	1
2040	7752	1
1186	7754	1
1069	7756	1
1157	7756	1
1158	7756	1
759	7761	1
1186	7761	1
1316	7761	1
741	7764	1
1112	7764	1
1195	7768	1
1321	7768	1
1122	7771	1
1450	7773	1
140	7775	1
1076	7778	1
3330	7778	1
326	7785	1
641	7785	1
647	7787	1
563	7789	1
894	7793	1
91	7796	1
1913	7796	1
91	7797	1
1813	7798	1
483	7799	1
140	7801	1
166	7801	1
803	7801	1
836	7801	1
178	7806	1
917	7808	1
1955	7808	1
917	7809	1
1827	7809	1
1362	7810	1
1245	7811	1
3502	7813	1
321	7814	1
322	7814	1
758	7814	1
204	7819	1
221	7820	1
221	7821	1
824	7822	1
28	7830	1
3502	7831	1
3166	7832	1
829	7833	1
647	7834	1
829	7834	1
4087	7837	1
89	7838	1
890	7841	1
1181	7845	1
508	7851	1
3189	7852	1
4087	7852	1
360	7853	1
131	7855	1
584	7857	1
16	7858	1
431	7863	1
431	7864	1
84	7871	1
96	7871	1
431	7874	1
3189	7880	1
3189	7881	1
1341	7885	1
1397	7885	1
91	7887	1
1846	7890	1
1949	7890	1
366	7891	1
366	7892	1
55	7893	1
480	7897	1
4087	7923	1
835	7926	1
835	7927	1
1495	7928	1
108	7934	1
447	7934	1
3533	7937	1
3533	7938	1
131	7948	1
2	7953	1
87	7954	1
271	7954	1
315	7959	1
603	7963	1
244	7964	1
406	7965	1
426	7971	1
890	7982	1
211	7983	1
829	7984	1
81	7985	1
876	7985	1
708	7988	1
434	7991	1
93	7992	1
1190	7993	1
211	8000	1
3191	8001	1
450	8004	1
882	8008	1
81	8009	1
494	8020	1
697	8020	1
1037	8021	1
521	8028	1
88	8029	1
108	8030	1
1926	8031	1
1790	8032	1
1002	8033	1
1162	8036	1
1790	8043	1
1162	8045	1
494	8046	1
1176	8050	1
686	8053	1
1321	8057	1
475	8061	1
1456	8068	1
939	8069	1
1476	8069	1
39	8074	1
484	8078	1
916	8079	1
2006	8090	1
2007	8090	1
326	8095	1
251	8102	1
3573	8105	1
3702	8109	1
3702	8110	1
447	8113	1
556	8121	1
3702	8125	1
3813	8137	1
3237	8145	1
4078	8147	1
3791	8148	1
1883	8151	1
1166	8157	1
3661	8165	1
102	8170	1
132	8170	1
143	8170	1
149	8170	1
152	8170	1
955	8171	1
1020	8173	1
1517	8173	1
1476	8174	1
1476	8175	1
916	8176	1
203	8177	1
203	8178	1
939	8178	1
1377	8186	1
1848	8186	1
835	8188	1
475	8189	1
888	8189	1
1010	8199	1
4087	8203	1
4087	8204	1
55	8205	1
821	8207	1
1336	8207	1
3189	8208	1
647	8210	1
946	8210	1
173	8217	1
521	8217	1
3791	8228	1
3244	8229	1
3712	8229	1
1026	8231	1
1097	8231	1
4080	8234	1
4080	8235	1
3523	8238	1
1377	8244	1
1848	8244	1
3991	8245	1
4066	8245	1
12	8248	1
22	8253	1
491	8253	1
976	8253	1
3826	8256	1
3673	8261	1
3702	8261	1
3365	8267	1
3171	8271	1
3677	8271	1
3171	8272	1
3677	8272	1
3826	8274	1
768	8277	1
770	8277	1
794	8277	1
1069	8282	1
3732	8288	1
3736	8288	1
1737	8289	1
1536	8290	1
1737	8290	1
794	8291	1
508	8293	1
727	8293	1
812	8293	1
1808	8294	1
173	8295	1
173	8296	1
1302	8302	1
3280	8307	1
3171	8318	1
3677	8319	1
1966	8323	1
807	8325	1
160	8327	1
459	8327	1
149	8330	1
792	8330	1
864	8333	1
339	8334	1
463	8337	1
321	8339	1
321	8340	1
322	8340	1
1926	8342	1
3547	8343	1
770	8347	1
618	8349	1
1582	8351	1
894	8352	1
1536	8352	1
3191	8353	1
491	8359	1
568	8359	1
446	8361	1
124	8372	1
463	8373	1
1175	8377	1
1417	8377	1
889	8378	1
990	8378	1
1018	8378	1
568	8379	1
475	8397	1
842	8397	1
971	8402	1
971	8403	1
3649	8405	1
3761	8405	1
3801	8405	1
3702	8408	1
794	8410	1
672	8411	1
3734	8412	1
3734	8413	1
4051	8413	1
812	8417	1
3773	8419	1
4075	8420	1
922	8422	1
568	8428	1
3828	8432	1
1336	8433	1
1076	8437	1
3330	8437	1
1076	8438	1
3330	8438	1
3920	8454	1
803	8455	1
322	8456	1
758	8456	1
172	8457	1
3600	8460	1
1456	8464	1
3834	8470	1
3933	8472	1
3933	8473	1
1321	8475	1
1335	8477	1
803	8479	1
842	8480	1
22	8481	1
3171	8486	1
4059	8487	1
803	8488	1
836	8488	1
836	8489	1
894	8494	1
894	8495	1
4036	8498	1
4075	8512	1
3237	8516	1
2024	8519	1
917	8520	1
1827	8520	1
1176	8524	1
219	8526	1
3539	8534	1
1515	8537	1
4129	8542	1
4051	8551	1
4116	8553	1
381	8555	1
3421	8567	1
3421	8570	1
3683	8574	1
4081	8581	1
4129	8584	1
3773	8585	1
3769	8593	1
484	8596	1
3147	8604	1
946	8605	1
4078	8607	1
3185	8614	1
3707	8615	1
3707	8616	1
1211	8618	1
283	8622	1
3582	8627	1
3191	8632	1
1196	8637	1
1240	8640	1
447	8643	1
149	8644	1
152	8644	1
608	8648	1
88	8649	1
386	8651	1
190	8653	1
178	8658	1
976	8664	1
1209	8677	1
1302	8678	1
1757	8683	1
1757	8684	1
1278	8689	1
405	8700	1
434	8700	1
1966	8721	1
339	8722	1
1209	8725	1
1196	8731	1
904	8732	1
1196	8732	1
1200	8732	1
1470	8732	1
471	8734	1
471	8735	1
949	8735	1
1355	8735	1
1926	8736	1
1618	8742	1
1002	8746	1
1660	8746	1
852	8748	1
1207	8749	1
3797	8750	1
976	8752	1
1122	8753	1
1162	8756	1
1081	8765	1
697	8769	1
1813	8772	1
1813	8773	1
955	8776	1
3652	8788	1
160	8793	1
1748	8794	1
700	8795	1
414	8796	1
812	8798	1
812	8799	1
3419	8802	1
593	8809	1
593	8810	1
768	8816	1
770	8816	1
882	8818	1
322	8822	1
990	8824	1
1018	8824	1
452	8833	1
406	8837	1
227	8845	1
1176	8849	1
917	8850	1
845	8853	1
406	8854	1
1808	8859	1
194	8865	1
876	8865	1
770	8867	1
1913	8868	1
244	8873	1
381	8873	1
852	8875	1
386	8877	1
387	8877	1
890	8878	1
2	8879	1
55	8883	1
907	8884	1
1010	8885	1
569	8893	1
140	8918	1
166	8918	1
433	8919	1
406	8931	1
283	8942	1
3539	8951	1
922	8959	1
1840	8962	1
339	8968	1
976	8971	1
3983	8972	1
682	8982	1
3425	8984	1
2006	8985	1
2007	8985	1
1536	8989	1
1332	8990	1
224	8998	1
907	8999	1
1821	9003	1
1040	9006	1
1241	9007	1
1659	9009	1
3171	9020	1
381	9025	1
682	9025	1
1010	9025	1
1236	9028	1
1228	9029	1
1228	9030	1
824	9042	1
156	9046	1
308	9063	1
666	9066	1
3237	9069	1
888	9074	1
1848	9082	1
1813	9088	1
1581	9089	1
3356	9097	1
3191	9099	1
3490	9102	1
3802	9110	1
4124	9118	1
4124	9119	1
4050	9125	1
4019	9128	1
4125	9130	1
4125	9131	1
1341	9146	1
1245	9148	1
1466	9155	1
1846	9159	1
89	9166	1
39	9167	1
946	9170	1
1931	9171	1
84	9172	1
386	9177	1
387	9177	1
3796	9178	1
1377	9180	1
647	9186	1
647	9187	1
563	9190	1
775	9191	1
780	9197	1
4080	9198	1
854	9210	1
172	9212	1
291	9220	1
672	9224	1
3815	9228	1
3707	9232	1
1799	9233	1
1799	9234	1
952	9239	1
852	9256	1
4129	9259	1
178	9261	1
1881	9269	1
1081	9270	1
882	9299	1
1442	9312	1
249	9320	1
250	9320	1
480	9320	1
1236	9321	1
1776	9325	1
1776	9326	1
28	9336	1
1364	9345	1
1356	9348	1
952	9352	1
3461	9353	1
4059	9356	1
603	9357	1
1209	9361	1
1808	9364	1
1737	9365	1
875	9369	1
212	9370	1
3395	9382	1
291	9386	1
1181	9392	1
1554	9397	1
3702	9404	1
3310	9406	1
3856	9415	1
2024	9420	1
829	9423	1
4122	9426	1
709	9429	1
1759	9430	1
1423	9438	1
1423	9439	1
178	9441	1
686	9450	1
1704	9451	1
1741	9453	1
780	9466	1
555	9468	1
16	9484	1
102	9490	1
33	9491	1
1456	9493	1
521	9499	1
55	9503	1
55	9504	1
284	9508	1
65	9509	1
578	9524	1
579	9524	1
91	9525	1
93	9526	1
93	9527	1
143	9541	1
143	9542	1
152	9542	1
154	9545	1
154	9546	1
154	9547	1
165	9552	1
165	9553	1
165	9554	1
165	9555	1
173	9559	1
193	9571	1
194	9572	1
202	9575	1
207	9576	1
212	9579	1
219	9581	1
224	9584	1
226	9585	1
271	9602	1
284	9609	1
291	9612	1
291	9613	1
291	9614	1
818	9616	1
1274	9616	1
1017	9620	1
310	9622	1
322	9628	1
339	9630	1
339	9631	1
340	9632	1
340	9633	1
360	9643	1
374	9647	1
374	9648	1
374	9649	1
374	9650	1
374	9651	1
374	9652	1
378	9654	1
386	9656	1
446	9670	1
563	9671	1
475	9675	1
830	9678	1
483	9679	1
483	9680	1
484	9682	1
484	9683	1
494	9687	1
494	9688	1
521	9694	1
521	9695	1
521	9696	1
1352	9705	1
627	9706	1
555	9708	1
814	9711	1
583	9713	1
592	9717	1
595	9719	1
603	9723	1
603	9724	1
845	9726	1
1775	9727	1
1788	9727	1
623	9730	1
651	9737	1
670	9744	1
672	9745	1
686	9754	1
697	9760	1
717	9762	1
727	9765	1
812	9766	1
737	9768	1
741	9769	1
1017	9779	1
780	9781	1
890	9784	1
814	9787	1
814	9788	1
818	9790	1
821	9791	1
822	9792	1
822	9793	1
829	9796	1
830	9797	1
830	9798	1
894	9801	1
835	9802	1
842	9804	1
1469	9804	1
1356	9818	1
1469	9818	1
1356	9819	1
1356	9820	1
875	9823	1
907	9842	1
946	9853	1
971	9869	1
971	9870	1
1010	9889	1
1020	9896	1
1020	9897	1
1033	9903	1
1821	9909	1
1821	9910	1
1883	9926	1
1237	9928	1
1112	9930	1
1122	9932	1
1122	9933	1
1274	9935	1
1164	9951	1
1164	9952	1
1164	9953	1
1166	9954	1
1183	9960	1
1183	9961	1
1195	9965	1
1321	9965	1
1196	9966	1
1206	9969	1
1217	9973	1
1240	9983	1
1245	9987	1
1693	9999	1
1332	10015	1
1343	10018	1
1397	10039	1
1442	10059	1
1442	10060	1
1443	10061	1
1443	10062	1
1450	10066	1
1466	10078	1
1467	10079	1
1476	10084	1
1478	10085	1
3610	10088	1
4018	10098	1
3603	10099	1
3398	10104	1
3290	10115	1
3408	10119	1
3463	10121	1
3583	10125	1
3428	10128	1
4042	10131	1
3265	10143	1
3859	10145	1
1955	10152	1
4081	10157	1
2034	10168	1
4066	10170	1
3191	10181	1
1869	10184	1
1801	10186	1
1777	10187	1
3480	10188	1
3373	10194	1
3348	10202	1
1949	10209	1
1966	10217	1
1489	10218	1
2040	10226	1
2040	10227	1
3815	10238	1
1532	10256	1
1532	10257	1
1534	10259	1
1536	10260	1
1537	10261	1
1537	10262	1
1582	10271	1
1973	10294	1
1790	10299	1
1711	10303	1
1757	10308	1
1759	10309	1
1776	10316	1
1808	10323	1
1813	10325	1
1966	10326	1
1840	10330	1
1966	10332	1
1849	10334	1
1881	10341	1
1881	10342	1
1881	10343	1
1926	10349	1
1931	10350	1
1948	10354	1
1948	10355	1
1949	10356	1
3144	10384	1
3157	10394	1
3166	10399	1
3185	10402	1
3181	10404	1
3191	10411	1
3191	10412	1
3265	10431	1
3265	10432	1
3265	10433	1
3304	10441	1
3305	10442	1
3310	10446	1
3312	10447	1
3781	10447	1
3312	10448	1
3315	10449	1
3315	10450	1
3349	10461	1
3425	10484	1
3425	10485	1
3427	10486	1
3427	10487	1
3428	10488	1
3480	10510	1
3520	10526	1
3528	10531	1
3528	10532	1
3533	10533	1
3679	10538	1
3569	10544	1
3582	10548	1
3610	10551	1
3997	10556	1
4031	10556	1
3652	10562	1
3652	10563	1
3683	10570	1
3679	10575	1
3707	10584	1
3769	10594	1
3769	10595	1
3769	10596	1
3769	10597	1
3773	10600	1
3781	10603	1
3797	10604	1
3815	10612	1
3828	10615	1
3834	10619	1
3930	10635	1
3983	10650	1
4020	10655	1
4042	10664	1
4043	10665	1
4066	10670	1
4083	10675	1
4132	10689	1
347	10702	2
480	10702	2
824	10702	2
1657	10702	2
2401	10702	2
2495	10702	2
3480	10702	2
3562	10702	2
39	10703	2
160	10703	2
190	10703	2
211	10703	2
378	10703	2
3423	10703	2
3562	10703	2
4043	10703	2
483	10706	2
2383	10711	2
204	10712	2
1233	10712	2
1278	10712	2
1332	10712	2
3920	10712	2
4059	10712	2
4125	10712	2
2625	10713	2
3813	10713	2
2845	10714	2
775	10716	2
2989	10716	2
491	10719	2
584	10719	2
1176	10719	2
1382	10719	2
2811	10719	2
3348	10719	2
3899	10719	2
826	10720	2
3826	10727	2
700	10729	2
1442	10729	2
1949	10729	2
2105	10730	2
2223	10730	2
89	10733	2
1076	10734	2
1158	10734	2
1228	10734	2
1230	10734	2
1306	10734	2
1340	10734	2
1397	10734	2
1737	10734	2
1782	10734	2
2024	10734	2
2398	10734	2
2401	10734	2
2472	10734	2
3431	10735	2
1209	10736	2
1511	10736	2
2585	10736	2
2598	10736	2
2755	10736	2
3815	10736	2
784	10745	2
818	10745	2
1321	10745	2
1355	10745	2
1926	10745	2
2281	10745	2
2373	10745	2
2391	10745	2
3055	10745	2
3157	10745	2
3243	10745	2
3330	10745	2
3463	10745	2
3569	10745	2
3813	10745	2
3983	10745	2
4036	10745	2
3528	10748	2
3773	10749	2
2880	10750	2
3290	10750	2
4132	10750	2
880	10751	2
3280	10751	2
3290	10751	2
3311	10751	2
3312	10751	2
3406	10751	2
3707	10751	2
3815	10751	2
3828	10751	2
4066	10751	2
16	10756	2
501	10756	2
1746	10756	2
2204	10756	2
3573	10756	2
3856	10756	2
474	10757	2
484	10757	2
1183	10757	2
1236	10757	2
2077	10757	2
3679	10757	2
1532	10759	2
3089	10759	2
84	10760	2
251	10760	2
291	10760	2
568	10760	2
889	10760	2
1006	10760	2
1017	10760	2
1054	10760	2
1241	10760	2
1618	10760	2
1776	10760	2
1843	10760	2
1869	10760	2
2018	10760	2
2103	10760	2
2190	10760	2
2318	10760	2
2427	10760	2
2593	10760	2
2903	10760	2
3577	10760	2
3674	10760	2
3677	10760	2
3864	10760	2
1069	10761	2
1343	10761	2
3712	10761	2
2284	10762	2
3052	10762	2
700	10763	2
904	10763	2
1196	10763	2
1757	10763	2
2033	10763	2
845	10764	2
1476	10764	2
1018	10767	2
3030	10767	2
154	10768	2
366	10768	2
835	10768	2
3398	10768	2
1382	10769	2
2232	10769	2
2095	10770	2
3104	10772	2
2628	10775	2
4122	10775	2
2196	10776	2
1037	10777	2
501	10779	2
447	10780	2
1029	10780	2
1036	10780	2
1040	10780	2
1046	10780	2
1252	10780	2
1515	10780	2
1534	10780	2
1711	10780	2
321	10788	2
1236	10788	2
203	10789	2
894	10789	2
1581	10789	2
2868	10791	2
3813	10791	2
397	10792	2
1443	10792	2
2373	10792	2
2442	10792	2
2506	10792	2
2843	10792	2
3237	10792	2
3310	10792	2
3349	10792	2
3773	10792	2
3528	10793	2
315	10794	2
2318	10798	2
65	10799	2
160	10799	2
173	10799	2
291	10799	2
508	10799	2
535	10799	2
539	10799	2
568	10799	2
614	10799	2
709	10799	2
832	10799	2
835	10799	2
1001	10799	2
1017	10799	2
1037	10799	2
1069	10799	2
1164	10799	2
1240	10799	2
1252	10799	2
1272	10799	2
1302	10799	2
1341	10799	2
1517	10799	2
1537	10799	2
1775	10799	2
1801	10799	2
1881	10799	2
1913	10799	2
1973	10799	2
2034	10799	2
2103	10799	2
2204	10799	2
2266	10799	2
2298	10799	2
2330	10799	2
2352	10799	2
2457	10799	2
2646	10799	2
2831	10799	2
2845	10799	2
2890	10799	2
2989	10799	2
3181	10799	2
3248	10799	2
3398	10799	2
3428	10799	2
3533	10799	2
3570	10799	2
3576	10799	2
3603	10799	2
3673	10799	2
3677	10799	2
3769	10799	2
3834	10799	2
4027	10799	2
3171	10801	2
2890	10803	2
2304	10807	2
1154	10809	2
3166	10810	2
244	10813	2
2086	10815	2
2111	10815	2
3097	10815	2
2224	10816	2
321	10818	2
91	10819	2
1881	10819	2
1981	10819	2
4018	10819	2
190	10820	2
438	10820	2
717	10820	2
2532	10821	2
2799	10822	2
3732	10822	2
3761	10822	2
3828	10822	2
291	10824	2
406	10824	2
672	10824	2
832	10824	2
888	10824	2
322	10826	2
672	10833	2
679	10833	2
1310	10833	2
2009	10833	2
2204	10833	2
2352	10833	2
2890	10833	2
3859	10833	2
888	10836	2
1046	10836	2
1306	10836	2
1478	10836	2
1981	10836	2
3523	10836	2
3616	10836	2
144	10839	2
629	10841	2
2383	10842	2
108	10843	2
2047	10843	2
2593	10844	2
190	10847	2
2854	10852	2
3616	10852	2
3104	10854	2
818	10855	2
1054	10855	2
1175	10855	2
1336	10855	2
1443	10855	2
1517	10855	2
1741	10855	2
1813	10855	2
1843	10855	2
1948	10855	2
2214	10855	2
3077	10855	2
3408	10855	2
3547	10855	2
3610	10855	2
3732	10855	2
3907	10855	2
4042	10855	2
4122	10855	2
1233	10856	2
1154	10857	2
1537	10857	2
1593	10857	2
3506	10857	2
3523	10857	2
3899	10857	2
2918	10859	2
87	10860	2
197	10860	2
1200	10863	2
1302	10863	2
3570	10863	2
310	10864	2
447	10864	2
780	10864	2
904	10864	2
1076	10864	2
1200	10864	2
1237	10864	2
1338	10864	2
1397	10864	2
1466	10864	2
1470	10864	2
1495	10864	2
1511	10864	2
1536	10864	2
1660	10864	2
1774	10864	2
1777	10864	2
1790	10864	2
1799	10864	2
1883	10864	2
1913	10864	2
1931	10864	2
2006	10864	2
2007	10864	2
2034	10864	2
2983	10864	2
3467	10864	2
4042	10864	2
741	10865	2
759	10865	2
1341	10865	2
1813	10865	2
3431	10868	2
4027	10868	2
3189	10869	2
3461	10869	2
3480	10869	2
3742	10869	2
3761	10869	2
3828	10869	2
4031	10869	2
1881	10870	2
3244	10870	2
3303	10870	2
3356	10870	2
1495	10871	2
2198	10872	2
3899	10873	2
1489	10875	2
3523	10875	2
3600	10875	2
2338	10877	2
2516	10877	2
3024	10877	2
916	10880	2
4043	10880	2
4066	10880	2
1122	10885	2
2006	10886	2
3395	10886	2
3425	10886	2
4031	10886	2
3997	10887	2
2574	10889	2
2	10890	2
286	10890	2
387	10890	2
603	10890	2
2799	10890	2
2293	10891	2
2789	10891	2
1926	10892	2
1774	10895	2
2593	10895	2
517	10896	2
1020	10896	2
3373	10896	2
3539	10896	2
325	10897	2
946	10897	2
3097	10897	2
2196	10898	2
2223	10898	2
2304	10898	2
2330	10898	2
2105	10900	2
1029	10903	2
1657	10903	2
2718	10903	2
612	10904	2
161	10905	2
1594	10905	2
2628	10905	2
2811	10905	2
3398	10906	2
3408	10906	2
3428	10906	2
4129	10906	2
2840	10907	2
503	10908	2
717	10909	2
752	10909	2
3055	10910	2
88	10911	2
2472	10922	2
2652	10922	2
3583	10922	2
647	10923	2
2585	10923	2
81	10926	2
1217	10926	2
1466	10926	2
1790	10926	2
3077	10926	2
569	10927	2
2103	10927	2
2293	10927	2
2495	10927	2
2541	10927	2
2831	10927	2
2849	10927	2
3030	10927	2
173	10928	2
449	10928	2
700	10928	2
1659	10928	2
2281	10928	2
2472	10928	2
2490	10928	2
2625	10928	2
2779	10928	2
3920	10928	2
13	10931	2
1846	10931	2
494	10932	2
647	10932	2
832	10932	2
2442	10932	2
3055	10932	2
3310	10932	2
3243	10935	2
3490	10935	2
3673	10935	2
3702	10935	2
3660	10936	2
826	10937	2
2383	10937	2
2853	10937	2
3203	10937	2
3573	10937	2
3734	10937	2
3834	10937	2
3983	10937	2
4018	10937	2
202	10938	2
842	10938	2
1081	10938	2
2903	10938	2
3095	10938	2
503	10942	2
2304	10942	2
2391	10942	2
3104	10942	2
2849	10946	2
88	10952	2
203	10953	2
876	10953	2
1166	10953	2
759	10954	2
1352	10954	2
708	10955	2
143	10956	2
434	10956	2
697	10956	2
2030	10956	2
2493	10956	2
2854	10956	2
2304	10957	2
483	10959	2
2840	10960	2
686	10962	2
1122	10962	2
1677	10966	2
1849	10966	2
65	10967	2
108	10967	2
152	10967	2
161	10967	2
164	10967	2
207	10967	2
211	10967	2
249	10967	2
250	10967	2
310	10967	2
321	10967	2
374	10967	2
381	10967	2
434	10967	2
480	10967	2
484	10967	2
535	10967	2
539	10967	2
540	10967	2
556	10967	2
583	10967	2
603	10967	2
614	10967	2
618	10967	2
629	10967	2
682	10967	2
686	10967	2
717	10967	2
741	10967	2
752	10967	2
755	10967	2
758	10967	2
759	10967	2
770	10967	2
803	10967	2
824	10967	2
830	10967	2
836	10967	2
854	10967	2
890	10967	2
904	10967	2
916	10967	2
917	10967	2
922	10967	2
952	10967	2
955	10967	2
973	10967	2
1020	10967	2
1029	10967	2
1076	10967	2
1081	10967	2
1145	10967	2
1175	10967	2
1183	10967	2
1186	10967	2
1196	10967	2
1245	10967	2
1290	10967	2
1297	10967	2
1302	10967	2
1332	10967	2
1341	10967	2
1377	10967	2
1456	10967	2
1467	10967	2
1470	10967	2
1489	10967	2
1536	10967	2
1554	10967	2
1618	10967	2
1657	10967	2
1704	10967	2
1746	10967	2
1748	10967	2
1774	10967	2
1777	10967	2
1790	10967	2
1813	10967	2
1821	10967	2
1840	10967	2
1846	10967	2
1926	10967	2
1952	10967	2
1987	10967	2
2024	10967	2
2033	10967	2
3077	10967	2
3528	10967	2
28	10968	2
93	10968	2
131	10968	2
166	10968	2
190	10968	2
204	10968	2
212	10968	2
315	10968	2
339	10968	2
426	10968	2
438	10968	2
459	10968	2
475	10968	2
494	10968	2
517	10968	2
555	10968	2
666	10968	2
679	10968	2
709	10968	2
812	10968	2
827	10968	2
894	10968	2
916	10968	2
917	10968	2
1230	10968	2
1610	10968	2
1849	10968	2
3502	10968	2
12	10969	2
144	10969	2
224	10969	2
244	10969	2
251	10969	2
433	10969	2
463	10969	2
508	10969	2
540	10969	2
541	10969	2
578	10969	2
623	10969	2
627	10969	2
641	10969	2
792	10969	2
864	10969	2
976	10969	2
1002	10969	2
1181	10969	2
1206	10969	2
1757	10969	2
2018	10969	2
3533	10969	2
882	10971	2
1808	10971	2
1581	10975	2
2030	10975	2
2798	10975	2
2892	10975	2
1236	10977	2
2469	10977	2
3460	10977	2
521	10978	2
2870	10979	2
3502	10979	2
1054	10981	2
3147	10984	2
3533	10986	2
3562	10986	2
864	10987	2
360	10988	2
1913	10988	2
2034	10988	2
459	10989	2
875	10989	2
888	10989	2
1230	10989	2
1987	10989	2
758	10990	2
1341	10998	2
2469	10998	2
2792	10999	2
131	11000	2
140	11000	2
165	11000	2
226	11000	2
406	11000	2
413	11000	2
459	11000	2
541	11000	2
612	11000	2
651	11000	2
1010	11000	2
2094	11000	2
2196	11000	2
2382	11000	2
2868	11000	2
3144	11000	2
666	11002	2
1097	11004	2
2402	11004	2
875	11005	2
124	11006	2
578	11006	2
889	11006	2
1026	11006	2
1209	11006	2
1297	11006	2
3554	11006	2
3736	11006	2
3983	11006	2
971	11013	2
2266	11016	2
2840	11017	2
3463	11018	2
226	11020	2
4043	11020	2
2697	11021	2
3867	11021	2
310	11022	2
405	11022	2
922	11022	2
1200	11022	2
2040	11022	2
3764	11022	2
3024	11023	2
3867	11023	2
325	11025	2
1180	11025	2
1594	11025	2
1567	11029	2
463	11030	2
1157	11030	2
1948	11030	2
2298	11030	2
2983	11030	2
3764	11030	2
405	11031	2
737	11031	2
1158	11031	2
1272	11031	2
1469	11031	2
1657	11031	2
1674	11031	2
1746	11031	2
1808	11031	2
1821	11031	2
1848	11031	2
1903	11031	2
1987	11031	2
2009	11031	2
2018	11031	2
2090	11031	2
2576	11031	2
2870	11031	2
2484	11032	2
431	11033	2
882	11033	2
794	11034	2
4027	11034	2
1164	11035	2
59	11037	2
93	11037	2
156	11037	2
161	11037	2
194	11037	2
284	11037	2
366	11037	2
438	11037	2
539	11037	2
578	11037	2
623	11037	2
627	11037	2
904	11037	2
1181	11037	2
1237	11037	2
1554	11037	2
1913	11037	2
1926	11037	2
3742	11037	2
1207	11039	2
2711	11039	2
946	11040	2
1046	11042	2
1521	11042	2
1881	11042	2
3265	11042	2
3280	11042	2
3303	11042	2
3304	11042	2
3349	11042	2
3408	11042	2
3419	11042	2
3423	11042	2
3577	11042	2
3610	11042	2
3752	11042	2
3796	11042	2
4050	11042	2
4124	11042	2
22	11043	2
755	11043	2
1515	11043	2
1955	11043	2
3248	11043	2
3305	11043	2
3388	11043	2
3652	11043	2
3757	11043	2
3802	11043	2
939	11044	2
2469	11044	2
2789	11044	2
3856	11044	2
2094	11045	2
3095	11045	2
33	11047	2
79	11047	2
207	11047	2
347	11047	2
583	11047	2
780	11047	2
1181	11047	2
1469	11047	2
1759	11047	2
2144	11047	2
2402	11047	2
2764	11047	2
3157	11047	2
3736	11047	2
360	11054	2
569	11054	2
818	11054	2
1340	11054	2
2792	11054	2
3577	11054	2
211	11059	2
219	11059	2
463	11059	2
595	11059	2
608	11059	2
693	11059	2
699	11059	2
730	11059	2
768	11059	2
946	11059	2
976	11059	2
1020	11059	2
1037	11059	2
1166	11059	2
1456	11059	2
1511	11059	2
1737	11059	2
2232	11059	2
3097	11059	2
3203	11059	2
4050	11059	2
4080	11059	2
4087	11059	2
875	11060	2
1112	11060	2
1210	11060	2
1537	11067	2
1593	11068	2
4078	11068	2
821	11071	2
172	11073	2
340	11073	2
475	11073	2
563	11073	2
1883	11073	2
3930	11073	2
4083	11073	2
250	11074	2
480	11074	2
540	11074	2
672	11074	2
2077	11074	2
3933	11074	2
446	11075	2
3189	11075	2
4042	11076	2
1207	11082	2
81	11083	2
1966	11083	2
2167	11083	2
2518	11083	2
156	11084	2
221	11084	2
322	11084	2
2382	11084	2
2736	11084	2
3791	11084	2
2880	11085	2
1674	11087	2
3463	11087	2
4080	11094	2
143	11095	2
149	11095	2
452	11095	2
708	11095	2
931	11095	2
3506	11095	2
3520	11095	2
2840	11097	2
3547	11097	2
3757	11097	2
144	11098	2
842	11098	2
1240	11098	2
2786	11098	2
3244	11098	2
3348	11098	2
3388	11098	2
3490	11098	2
3683	11098	2
3707	11098	2
3815	11098	2
4019	11098	2
271	11100	2
439	11100	2
1364	11100	2
2484	11100	2
2983	11100	2
3554	11100	2
3801	11102	2
434	11103	2
1948	11103	2
2628	11104	2
1010	11106	2
1536	11106	2
2284	11107	2
3610	11107	2
4122	11107	2
555	11108	2
2156	11109	2
2353	11109	2
2755	11109	2
2880	11111	2
3781	11114	2
4116	11114	2
202	11116	2
1660	11116	2
3303	11117	2
2007	11119	2
2541	11119	2
2214	11120	2
3304	11120	2
3310	11120	2
3373	11120	2
670	11121	2
727	11121	2
1704	11121	2
1903	11121	2
2627	11121	2
2646	11121	2
2799	11121	2
4081	11121	2
4081	11122	2
203	11127	2
3773	11127	2
3801	11127	2
821	11128	2
172	11133	2
1790	11133	2
89	11134	2
452	11134	2
3467	11136	2
140	11137	2
166	11138	2
204	11138	2
2941	11138	2
2892	11139	2
1582	11144	2
3010	11144	2
3528	11144	2
1195	11145	2
1532	11145	2
1955	11145	2
3520	11145	2
3661	11145	2
2330	11147	2
2918	11151	2
172	11156	2
890	11156	2
1423	11156	2
2472	11156	2
2372	11157	2
3095	11157	2
1195	11160	2
1233	11160	2
1278	11160	2
1335	11160	2
1801	11160	2
1869	11160	2
3933	11160	2
812	11161	2
1417	11161	2
3991	11161	2
647	11162	2
3467	11162	2
3734	11162	2
4020	11162	2
4051	11162	2
4123	11162	2
4125	11162	2
1759	11163	2
3600	11164	2
3661	11164	2
3157	11165	2
3539	11165	2
3702	11165	2
1335	11168	2
1517	11168	2
3000	11168	2
3144	11168	2
3431	11168	2
3761	11168	2
3899	11168	2
3933	11168	2
4027	11168	2
178	11170	2
1085	11170	2
1186	11170	2
1217	11170	2
1228	11170	2
1887	11170	2
2630	11170	2
4132	11170	2
3652	11175	2
3764	11176	2
3930	11179	2
2892	11181	2
2067	11182	2
2190	11182	2
2418	11182	2
2559	11182	2
3502	11183	2
132	11185	2
193	11185	2
593	11185	2
670	11185	2
727	11185	2
971	11185	2
1335	11185	2
1840	11185	2
2352	11185	2
2853	11185	2
3330	11185	2
3431	11185	2
1595	11186	2
1827	11186	2
693	11188	2
737	11188	2
818	11188	2
1033	11188	2
1069	11188	2
1112	11188	2
1157	11188	2
1158	11188	2
1176	11188	2
1181	11188	2
1196	11188	2
1210	11188	2
1217	11188	2
1467	11188	2
1659	11188	2
1693	11188	2
1737	11188	2
1827	11188	2
165	11190	2
3185	11190	2
3265	11190	2
3423	11190	2
3425	11190	2
3712	11190	2
1476	11192	2
2786	11192	2
3791	11194	2
202	11195	2
521	11195	2
1949	11195	2
2006	11195	2
780	11197	2
3237	11198	2
1887	11200	2
2100	11200	2
2442	11200	2
1316	11201	2
2442	11202	2
132	11203	2
1290	11203	2
2792	11203	2
39	11204	2
474	11204	2
540	11204	2
1321	11204	2
1595	11204	2
308	11208	2
1693	11208	2
1903	11208	2
2762	11208	2
3332	11208	2
283	11209	2
339	11209	2
1180	11209	2
1272	11209	2
2843	11209	2
84	11210	2
3311	11210	2
641	11211	2
1157	11211	2
2779	11212	2
2173	11213	2
2844	11213	2
2845	11213	2
2167	11214	2
955	11215	2
1076	11216	2
1241	11216	2
1362	11216	2
1382	11216	2
1973	11216	2
2398	11216	2
2527	11216	2
227	11217	2
406	11217	2
2257	11217	2
2962	11217	2
2198	11218	2
2628	11218	2
4124	11218	2
1247	11221	2
1849	11222	2
1711	11224	2
2047	11230	2
2232	11233	2
1973	11234	2
1741	11235	2
93	11237	2
156	11237	2
221	11237	2
1336	11237	2
1456	11237	2
1926	11237	2
221	11238	2
1567	11238	2
2442	11238	2
2764	11239	2
889	11240	2
2401	11240	2
780	11241	2
1006	11241	2
1511	11241	2
1660	11241	2
1883	11241	2
2090	11241	2
271	11243	2
310	11243	2
405	11243	2
812	11243	2
922	11243	2
1200	11243	2
1476	11243	2
2697	11243	2
2844	11243	2
3144	11243	2
3764	11243	2
852	11245	2
775	11247	2
212	11250	2
1704	11250	2
3181	11250	2
3460	11250	2
340	11251	2
1869	11251	2
2030	11251	2
2527	11251	2
3018	11251	2
3332	11251	2
1145	11256	2
2024	11256	2
2711	11256	2
1610	11259	2
3583	11259	2
3773	11259	2
471	11260	2
2962	11261	2
140	11263	2
154	11263	2
165	11263	2
219	11263	2
224	11263	2
378	11263	2
2941	11266	2
3702	11266	2
2550	11268	2
3734	11268	2
3849	11268	2
3428	11271	2
3583	11274	2
592	11275	2
1175	11275	2
1537	11275	2
2700	11275	2
2779	11275	2
2831	11275	2
3189	11275	2
3859	11275	2
3920	11275	2
3315	11278	2
3752	11278	2
483	11280	2
1033	11281	2
1470	11281	2
1534	11281	2
1594	11281	2
1748	11281	2
2047	11281	2
2469	11282	2
160	11285	2
172	11285	2
347	11285	2
1006	11285	2
3349	11285	2
3395	11285	2
3419	11285	2
3539	11285	2
3683	11285	2
4116	11285	2
2277	11288	2
250	11290	2
480	11290	2
755	11290	2
2415	11290	2
2574	11290	2
2641	11290	2
2646	11290	2
2736	11290	2
3018	11290	2
3203	11290	2
3305	11290	2
3796	11290	2
3991	11292	2
2427	11296	2
160	11300	2
1966	11303	2
3582	11303	2
556	11304	2
1036	11304	2
1417	11304	2
2352	11304	2
2762	11304	2
3365	11304	2
93	11305	2
154	11305	2
821	11305	2
955	11305	2
2111	11308	2
164	11309	2
784	11309	2
2103	11309	2
2518	11309	2
2651	11309	2
2898	11309	2
3191	11309	2
3421	11309	2
3502	11309	2
3569	11309	2
178	11311	2
1180	11311	2
1887	11311	2
1987	11311	2
3813	11312	2
3849	11312	2
4078	11312	2
727	11313	2
3181	11313	2
3427	11313	2
3702	11313	2
3859	11313	2
3752	11319	2
4020	11319	2
1949	11321	2
3171	11323	2
2198	11324	2
2431	11324	2
3600	11324	2
1306	11326	2
81	11327	2
84	11327	2
431	11327	2
96	11328	2
152	11328	2
699	11328	2
949	11328	2
2711	11329	2
2762	11329	2
3997	11330	2
4019	11330	2
1423	11331	2
1777	11331	2
1801	11331	2
378	11332	2
173	11333	2
2786	11336	2
535	11337	2
670	11337	2
709	11337	2
1554	11337	2
1567	11337	2
1704	11337	2
1746	11337	2
1903	11337	2
2009	11337	2
2018	11337	2
2277	11337	2
2318	11337	2
2532	11337	2
2700	11337	2
3024	11337	2
3104	11337	2
3248	11337	2
3582	11337	2
3679	11337	2
2585	11340	2
2	11343	2
227	11343	2
308	11343	2
803	11343	2
2190	11343	2
2718	11343	2
3365	11343	2
3562	11343	2
3570	11343	2
3576	11343	2
3660	11343	2
3674	11343	2
4051	11343	2
4129	11343	2
166	11344	2
939	11344	2
2418	11344	2
535	11345	2
608	11345	2
759	11345	2
1230	11345	2
1799	11345	2
1848	11345	2
2033	11345	2
2203	11345	2
2895	11345	2
3303	11345	2
3356	11345	2
3373	11345	2
1247	11348	2
1788	11348	2
1332	11354	2
1423	11354	2
1442	11354	2
1610	11354	2
1776	11354	2
2033	11354	2
2067	11354	2
2090	11354	2
2111	11354	2
2284	11354	2
2353	11354	2
2401	11354	2
2418	11354	2
2457	11354	2
2640	11354	2
2641	11354	2
2671	11354	2
2697	11354	2
2718	11354	2
2786	11354	2
2854	11354	2
3012	11354	2
3864	11354	2
3920	11354	2
4059	11354	2
3191	11355	2
3423	11355	2
2173	11356	2
2844	11356	2
3012	11356	2
88	11357	2
1843	11357	2
2518	11359	2
845	11361	2
326	11363	2
503	11363	2
592	11363	2
880	11363	2
1195	11363	2
1593	11363	2
3330	11364	2
3616	11365	2
1693	11366	2
1582	11367	2
438	11369	2
807	11369	2
1352	11370	2
1478	11370	2
2490	11370	2
3983	11370	2
758	11371	2
1469	11371	2
1536	11371	2
2330	11371	2
1029	11373	2
240	11375	2
2415	11375	2
2495	11375	2
2640	11375	2
2941	11375	2
3030	11375	2
3048	11375	2
397	11376	2
459	11376	2
3023	11376	2
413	11378	2
2173	11380	2
2755	11382	2
3864	11382	2
315	11383	2
3907	11383	2
4050	11385	2
627	11386	2
829	11386	2
2625	11386	2
2652	11386	2
124	11387	2
686	11387	2
752	11387	2
832	11387	2
1534	11387	2
102	11392	2
226	11392	2
366	11392	2
484	11392	2
584	11392	2
618	11392	2
717	11392	2
758	11392	2
836	11392	2
916	11392	2
1840	11392	2
381	11393	2
603	11393	2
907	11393	2
3023	11394	2
1010	11397	2
2779	11397	2
3023	11397	2
1186	11398	2
1206	11398	2
22	11401	2
508	11401	2
990	11401	2
1162	11401	2
2843	11401	2
1338	11403	2
741	11404	2
1112	11404	2
1467	11404	2
1594	11404	2
3237	11404	2
1190	11406	2
1207	11406	2
3576	11406	2
4019	11412	2
822	11413	2
3012	11413	2
4129	11413	2
283	11414	2
414	11414	2
2094	11414	2
2196	11414	2
2868	11414	2
226	11416	2
81	11418	2
2086	11418	2
4050	11418	2
3520	11419	2
3736	11419	2
2506	11420	2
366	11421	2
1582	11421	2
3181	11421	2
378	11422	2
503	11422	2
541	11422	2
569	11422	2
592	11422	2
1757	11422	2
1775	11422	2
1973	11422	2
2090	11422	2
2646	11422	2
3506	11422	2
3616	11422	2
4080	11422	2
730	11424	2
1195	11424	2
1338	11424	2
2630	11424	2
2831	11424	2
2983	11424	2
3349	11424	2
4123	11424	2
2625	11425	2
1660	11426	2
3388	11426	2
1217	11429	2
1228	11429	2
1827	11429	2
3244	11429	2
1674	11430	2
211	11432	2
439	11432	2
693	11432	2
741	11432	2
770	11432	2
917	11432	2
983	11432	2
1033	11432	2
1036	11432	2
1040	11432	2
1085	11432	2
1112	11432	2
1166	11432	2
1176	11432	2
1181	11432	2
1183	11432	2
1196	11432	2
1206	11432	2
1210	11432	2
1211	11432	2
1230	11432	2
1245	11432	2
1252	11432	2
1274	11432	2
1290	11432	2
1297	11432	2
1310	11432	2
1316	11432	2
1340	11432	2
1343	11432	2
1356	11432	2
1362	11432	2
1377	11432	2
1382	11432	2
1515	11432	2
1521	11432	2
1532	11432	2
1534	11432	2
1536	11432	2
1554	11432	2
1618	11432	2
1659	11432	2
1677	11432	2
1711	11432	2
1737	11432	2
1741	11432	2
1746	11432	2
1748	11432	2
1775	11432	2
1782	11432	2
1790	11432	2
1840	11432	2
1952	11432	2
1966	11432	2
1973	11432	2
2598	11432	2
3781	11432	2
2402	11434	2
322	11435	2
807	11435	2
3018	11435	2
3933	11435	2
12	11436	2
386	11436	2
952	11436	2
1478	11436	2
1952	11436	2
2086	11436	2
2330	11436	2
2401	11436	2
2402	11436	2
2718	11436	2
2989	11436	2
3000	11436	2
3166	11436	2
3332	11436	2
3406	11436	2
3554	11436	2
3576	11436	2
3652	11436	2
3677	11436	2
3862	11436	2
4125	11436	2
283	11438	2
697	11438	2
1026	11438	2
1207	11438	2
2277	11438	2
2281	11438	2
2550	11438	2
2890	11438	2
2918	11438	2
3674	11438	2
4036	11438	2
65	11439	2
889	11439	2
1237	11439	2
1240	11439	2
1247	11439	2
2372	11439	2
2711	11439	2
3089	11439	2
3290	11439	2
3311	11439	2
3365	11439	2
3570	11439	2
3859	11439	2
4051	11439	2
4081	11439	2
4129	11439	2
794	11442	2
814	11442	2
2156	11442	2
697	11443	2
1002	11443	2
339	11444	2
2853	11444	2
165	11445	2
595	11445	2
1026	11445	2
1470	11445	2
1489	11445	2
2173	11445	2
2559	11445	2
2672	11445	2
2903	11445	2
4083	11445	2
2040	11448	2
2190	11448	2
2418	11448	2
164	11451	2
397	11451	2
2527	11451	2
775	11452	2
842	11452	2
4123	11454	2
775	11456	2
842	11456	2
579	11457	2
1097	11457	2
1777	11457	2
1788	11457	2
2095	11457	2
2962	11457	2
3010	11457	2
3018	11457	2
449	11459	2
1364	11459	2
1456	11459	2
1759	11459	2
2257	11459	2
2373	11459	2
2764	11459	2
2849	11459	2
3055	11459	2
3610	11459	2
3791	11459	2
3796	11459	2
4087	11459	2
3332	11460	2
3554	11460	2
4075	11460	2
1659	11461	2
3010	11462	2
1145	11463	2
1443	11463	2
1196	11464	2
1813	11464	2
12	11470	2
28	11470	2
87	11470	2
204	11470	2
240	11470	2
251	11470	2
450	11470	2
494	11470	2
555	11470	2
2469	11470	2
2671	11470	2
1252	11471	2
2006	11471	2
2	11472	2
286	11472	2
308	11472	2
360	11472	2
387	11472	2
595	11472	2
697	11472	2
949	11472	2
1002	11472	2
1306	11472	2
1495	11472	2
2628	11472	2
2383	11474	2
770	11478	2
1467	11478	2
1582	11478	2
2214	11478	2
2576	11478	2
2898	11478	2
2989	11478	2
4132	11478	2
3773	11479	2
173	11480	2
2277	11480	2
623	11482	2
3425	11483	2
2870	11484	2
143	11486	2
152	11486	2
202	11487	2
446	11487	2
2353	11488	2
2100	11489	2
2798	11489	2
3147	11489	2
33	11490	2
59	11490	2
86	11490	2
89	11490	2
727	11490	2
880	11490	2
888	11490	2
1321	11490	2
2764	11490	2
2989	11490	2
450	11491	2
1821	11492	2
836	11494	2
3547	11494	2
3683	11494	2
194	11495	2
326	11495	2
2338	11495	2
3048	11495	2
2750	11496	2
1210	11497	2
211	11498	2
608	11498	2
3157	11498	2
983	11499	2
4132	11502	2
96	11504	2
161	11504	2
325	11504	2
387	11504	2
679	11504	2
717	11504	2
1122	11504	2
1382	11504	2
2755	11504	2
3506	11506	2
1469	11507	2
1154	11508	2
1162	11508	2
1210	11508	2
1316	11508	2
2843	11508	2
2868	11508	2
439	11509	2
1511	11509	2
2007	11510	2
1076	11511	2
1164	11511	2
3373	11511	2
2457	11513	2
2574	11513	2
463	11515	2
737	11515	2
818	11515	2
990	11515	2
1033	11515	2
1272	11515	2
1343	11515	2
1356	11515	2
1401	11515	2
1469	11515	2
1532	11515	2
1537	11515	2
1693	11515	2
1840	11515	2
1881	11515	2
3311	11515	2
439	11516	2
1081	11516	2
1166	11516	2
1274	11516	2
1316	11516	2
1341	11516	2
1595	11516	2
1693	11516	2
1887	11516	2
3991	11516	2
271	11520	2
592	11520	2
737	11520	2
812	11520	2
822	11520	2
1175	11520	2
2111	11520	2
2224	11520	2
3144	11520	2
3583	11520	2
3769	11520	2
3802	11520	2
3431	11521	2
1517	11523	2
164	11525	2
2077	11525	2
2281	11527	2
3089	11527	2
2156	11529	2
374	11533	2
822	11533	2
65	11534	2
28	11537	2
221	11537	2
2398	11538	2
4075	11540	2
697	11542	2
3610	11543	2
3480	11544	2
321	11546	2
2431	11546	2
1757	11548	2
3616	11548	2
835	11551	2
149	11552	2
1190	11554	2
3052	11554	2
3849	11554	2
4018	11554	2
4066	11554	2
190	11555	2
3573	11555	2
2223	11558	2
4019	11558	2
826	11559	2
1677	11559	2
2550	11559	2
2672	11559	2
3104	11559	2
2382	11560	2
3305	11560	2
579	11561	2
708	11561	2
755	11561	2
1660	11561	2
2034	11561	2
308	11563	2
326	11563	2
882	11563	2
1237	11563	2
3419	11563	2
1657	11566	2
973	11568	2
983	11568	2
1237	11568	2
1290	11568	2
1774	11568	2
1799	11568	2
889	11570	2
894	11570	2
949	11570	2
1145	11570	2
1355	11570	2
1843	11570	2
2415	11570	2
3000	11570	2
3398	11570	2
3406	11570	2
3554	11570	2
3785	11570	2
3834	11570	2
1037	11571	2
149	11573	2
2144	11573	2
2541	11573	2
2651	11573	2
2789	11573	2
3012	11573	2
3490	11573	2
1321	11574	2
2067	11574	2
2293	11574	2
2585	11574	2
3089	11574	2
3797	11574	2
584	11577	2
672	11577	2
824	11577	2
1782	11577	2
1931	11577	2
2047	11577	2
2870	11577	2
4020	11577	2
888	11578	2
2627	11578	2
2892	11578	2
55	11579	2
59	11579	2
84	11579	2
96	11579	2
203	11579	2
284	11579	2
386	11579	2
387	11579	2
491	11579	2
612	11579	2
699	11579	2
730	11579	2
803	11579	2
814	11579	2
890	11579	2
976	11579	2
1001	11579	2
2506	11579	2
3171	11579	2
3243	11579	2
2214	11583	2
2040	11584	2
2652	11585	2
2750	11585	2
952	11586	2
1948	11586	2
2144	11586	2
2298	11587	2
2495	11587	2
2640	11587	2
2799	11587	2
3030	11587	2
483	11588	2
381	11589	2
2640	11590	2
2532	11591	2
3048	11591	2
414	11592	2
450	11592	2
2100	11592	2
2831	11592	2
3048	11593	2
686	11597	2
178	11603	2
2798	11603	2
434	11606	2
1931	11606	2
2007	11606	2
39	11607	2
202	11607	2
286	11607	2
321	11607	2
322	11607	2
360	11607	2
426	11607	2
491	11607	2
792	11607	2
845	11607	2
864	11607	2
880	11607	2
976	11607	2
1006	11607	2
1211	11607	2
3157	11607	2
3171	11607	2
3660	11607	2
4075	11607	2
12	11608	2
55	11608	2
59	11608	2
86	11608	2
102	11608	2
132	11608	2
193	11608	2
203	11608	2
227	11608	2
284	11608	2
386	11608	2
387	11608	2
433	11608	2
434	11608	2
446	11608	2
563	11608	2
647	11608	2
730	11608	2
803	11608	2
876	11608	2
946	11608	2
1001	11608	2
1033	11608	2
1362	11608	2
1618	11608	2
2576	11608	2
3191	11608	2
3237	11608	2
3304	11608	2
3421	11608	2
3461	11608	2
3683	11608	2
3732	11608	2
3769	11608	2
3781	11608	2
3826	11608	2
4036	11608	2
4059	11608	2
13	11609	2
108	11609	2
244	11609	2
682	11609	2
907	11609	2
4087	11609	2
2750	11610	2
3280	11610	2
3290	11610	2
3311	11610	2
3312	11610	2
3406	11610	2
3707	11610	2
3815	11610	2
3828	11610	2
3907	11610	2
4066	11610	2
4132	11610	2
3707	11611	2
1521	11612	2
3661	11612	2
1154	11618	2
1240	11618	2
1567	11618	2
2203	11618	2
2898	11618	2
3930	11618	2
4124	11618	2
2918	11622	2
2156	11627	2
2266	11627	2
2304	11627	2
2484	11627	2
2559	11627	2
2627	11627	2
2641	11627	2
2672	11627	2
2762	11627	2
2890	11627	2
3023	11627	2
3920	11628	2
2173	11629	2
2844	11629	2
2845	11629	2
1310	11630	2
1450	11630	2
1677	11630	2
3801	11630	2
1887	11633	2
474	11634	2
503	11634	2
1017	11634	2
730	11635	2
2711	11635	2
3024	11638	2
249	11639	2
1581	11639	2
2318	11639	2
3867	11639	2
807	11641	2
864	11641	2
1808	11641	2
347	11642	2
1240	11643	2
4125	11643	2
172	11644	2
2391	11645	2
378	11646	2
446	11646	2
494	11646	2
517	11646	2
541	11646	2
890	11646	2
1040	11646	2
1247	11646	2
1949	11646	2
2792	11646	2
4027	11646	2
397	11647	2
3312	11647	2
3781	11647	2
3166	11648	2
1338	11649	2
3365	11649	2
3520	11651	2
3802	11651	2
3997	11651	2
4123	11651	2
4125	11651	2
1085	11652	2
1674	11652	2
3757	11652	2
4018	11652	2
1595	11659	2
2257	11659	2
2527	11659	2
3419	11659	2
1827	11660	2
2284	11660	2
3679	11660	2
1186	11661	2
931	11662	2
1495	11662	2
108	11663	2
682	11663	2
2532	11663	2
2672	11663	2
2086	11668	2
471	11671	2
1176	11672	2
2086	11672	2
13	11673	2
3095	11673	2
33	11676	2
592	11678	2
595	11678	2
768	11678	2
852	11678	2
1417	11678	2
2550	11678	2
3185	11678	2
3191	11678	2
3244	11678	2
3248	11678	2
3265	11678	2
3280	11678	2
3290	11678	2
3304	11678	2
3312	11678	2
3349	11678	2
3356	11678	2
3395	11678	2
3398	11678	2
3425	11678	2
3427	11678	2
3428	11678	2
3461	11678	2
3490	11678	2
3569	11678	2
3570	11678	2
3576	11678	2
3577	11678	2
3582	11678	2
3583	11678	2
3603	11678	2
3649	11678	2
3652	11678	2
3674	11678	2
3677	11678	2
3712	11678	2
3734	11678	2
3742	11678	2
3752	11678	2
3781	11678	2
3796	11678	2
3797	11678	2
3815	11678	2
3826	11678	2
3834	11678	2
3856	11678	2
3862	11678	2
3864	11678	2
4031	11678	2
4050	11678	2
4051	11678	2
4081	11678	2
3305	11681	2
143	11686	2
1397	11686	2
2641	11686	2
4020	11688	2
2764	11690	2
2811	11690	2
154	11691	2
156	11691	2
193	11691	2
308	11691	2
563	11691	2
568	11691	2
1180	11691	2
1272	11691	2
1581	11691	2
1711	11691	2
2223	11691	2
2298	11691	2
2574	11691	2
406	11692	2
447	11692	2
651	11692	2
1029	11692	2
1036	11692	2
1037	11692	2
1401	11692	2
1515	11692	2
1594	11692	2
1741	11692	2
1948	11692	2
2593	11692	2
1228	11696	2
1017	11698	2
1278	11698	2
1456	11698	2
1849	11698	2
4080	11698	2
852	11701	2
971	11701	2
1040	11701	2
1158	11701	2
1913	11701	2
2372	11701	2
1799	11702	2
2203	11702	2
2895	11702	2
2811	11706	2
414	11707	2
752	11707	2
1748	11707	2
2736	11707	2
1931	11709	2
484	11711	2
907	11711	2
916	11711	2
2105	11711	2
4031	11712	2
91	11714	2
775	11714	2
835	11714	2
939	11714	2
1018	11714	2
1757	11714	2
1949	11714	2
2040	11714	2
2490	11714	2
2630	11714	2
3089	11714	2
3181	11714	2
3189	11714	2
3533	11714	2
3600	11714	2
3757	11714	2
3801	11714	2
3813	11714	2
3859	11714	2
3867	11714	2
3930	11714	2
3991	11714	2
4018	11714	2
4059	11714	2
4078	11714	2
4083	11714	2
4124	11714	2
641	11716	2
1401	11716	2
2516	11716	2
4075	11716	2
3048	11719	2
1048	11720	2
1355	11720	2
2671	11720	2
2845	11720	2
3315	11720	2
3649	11720	2
3673	11720	2
2284	11724	2
221	11725	2
1154	11725	2
1278	11725	2
1335	11725	2
1869	11725	2
2203	11725	2
2700	11725	2
2736	11725	2
3189	11725	2
3388	11725	2
86	11726	2
88	11726	2
131	11726	2
433	11726	2
540	11726	2
593	11726	2
876	11726	2
1981	11726	2
2895	11726	2
2941	11726	2
3052	11726	2
3166	11726	2
3533	11727	2
240	11728	2
2427	11728	2
2516	11729	2
3024	11729	2
2030	11730	2
2493	11730	2
2853	11730	2
2854	11730	2
3203	11730	2
3573	11730	2
3734	11730	2
814	11731	2
3018	11731	2
1207	11733	2
693	11734	2
768	11734	2
770	11734	2
876	11734	2
1737	11734	2
1846	11734	2
1274	11735	2
2431	11735	2
508	11736	2
990	11736	2
1026	11736	2
1048	11736	2
1162	11736	2
1206	11736	2
1352	11736	2
1848	11736	2
55	11738	2
87	11738	2
501	11739	2
271	11740	2
555	11740	2
568	11740	2
784	11740	2
2203	11740	2
79	11741	2
374	11741	2
666	11741	2
758	11741	2
593	11743	2
759	11743	2
1186	11743	2
1776	11743	2
2018	11743	2
2880	11743	2
3677	11743	2
207	11744	2
1176	11744	2
1827	11744	2
161	11748	2
679	11748	2
539	11749	2
91	11753	2
152	11753	2
614	11753	2
931	11753	2
1018	11753	2
2040	11753	2
2457	11753	2
890	11754	2
2024	11754	2
2630	11754	2
4080	11754	2
2382	11756	2
3797	11757	2
2094	11760	2
2431	11760	2
1450	11761	2
3742	11765	2
1364	11768	2
1788	11768	2
3010	11768	2
4087	11768	2
413	11769	2
1190	11769	2
2077	11769	2
2232	11769	2
1290	11770	2
2144	11773	2
2651	11773	2
2789	11773	2
124	11775	2
1417	11776	2
1489	11776	2
2484	11776	2
1200	11777	2
3603	11777	2
3764	11777	2
3862	11777	2
1981	11778	2
2338	11778	2
2697	11778	2
922	11780	2
1801	11780	2
96	11781	2
164	11781	2
204	11781	2
322	11781	2
641	11781	2
812	11781	2
949	11781	2
1209	11781	2
1808	11781	2
1843	11781	2
1952	11781	2
2034	11781	2
2105	11781	2
2527	11781	2
3679	11781	2
939	11784	2
3055	11784	2
3867	11784	2
193	11785	2
2750	11785	2
1476	11786	2
2224	11787	2
2671	11789	2
249	11790	2
250	11790	2
1228	11790	2
3310	11790	2
3315	11790	2
102	11791	2
829	11791	2
2640	11794	2
2736	11794	2
3000	11794	2
3095	11794	2
386	11795	2
87	11796	2
3539	11796	2
431	11798	2
1849	11798	2
2493	11798	2
315	11799	2
386	11799	2
3752	11799	2
794	11800	2
803	11800	2
814	11800	2
836	11800	2
880	11800	2
983	11800	2
973	11801	2
904	11802	2
1020	11802	2
1377	11802	2
1467	11802	2
1470	11802	2
3736	11802	2
149	11803	2
1515	11805	2
39	11806	2
471	11806	2
854	11806	2
1069	11806	2
1775	11806	2
2338	11806	2
2598	11806	2
2789	11806	2
3573	11806	2
3603	11806	2
3660	11806	2
3673	11806	2
830	11807	2
1164	11807	2
1782	11807	2
1821	11807	2
1955	11807	2
2198	11807	2
2293	11807	2
2651	11807	2
3077	11807	2
3791	11807	2
583	11808	2
595	11808	2
2576	11808	2
2983	11808	2
2009	11809	2
2382	11809	2
2541	11809	2
672	11810	2
1195	11810	2
1297	11810	2
1443	11810	2
1517	11810	2
1593	11810	2
2007	11810	2
2204	11810	2
2223	11810	2
3305	11810	2
3834	11810	2
4075	11810	2
4078	11810	2
4123	11810	2
1158	11811	2
3356	11813	2
3826	11821	2
827	11822	2
3408	11822	2
1356	11823	2
3460	11823	2
1241	11825	2
1442	11825	2
1610	11825	2
3649	11825	2
156	11826	2
178	11826	2
475	11826	2
894	11826	2
1006	11826	2
1466	11826	2
2895	11826	2
3582	11826	2
3907	11826	2
197	11827	2
173	11828	2
521	11828	2
3023	11828	2
3427	11828	2
22	11832	2
93	11832	2
212	11832	2
226	11832	2
339	11832	2
340	11832	2
452	11832	2
539	11832	2
555	11832	2
556	11832	2
651	11832	2
666	11832	2
670	11832	2
727	11832	2
755	11832	2
827	11832	2
832	11832	2
2372	11832	2
2652	11832	2
2755	11832	2
2898	11832	2
3144	11832	2
3185	11832	2
3428	11832	2
3562	11832	2
3582	11832	2
3702	11832	2
3849	11832	2
3997	11832	2
16	11833	2
28	11834	2
426	11834	2
438	11834	2
494	11834	2
535	11834	2
623	11834	2
679	11834	2
807	11834	2
836	11834	2
1593	11834	2
2009	11834	2
2627	11834	2
2646	11834	2
2651	11834	2
2799	11834	2
2903	11834	2
3147	11834	2
3304	11834	2
3348	11834	2
3547	11834	2
3569	11834	2
3712	11834	2
3797	11834	2
4031	11834	2
3661	11835	2
3802	11839	2
2224	11842	2
219	11843	2
1122	11843	2
2490	11843	2
3395	11843	2
3856	11843	2
501	11844	2
2095	11844	2
65	11846	2
140	11846	2
166	11846	2
864	11846	2
1356	11846	2
1782	11846	2
2541	11846	2
2840	11846	2
1046	11847	2
3785	11847	2
4051	11847	2
3052	11848	2
3785	11848	2
2493	11849	2
3244	11849	2
3480	11849	2
3761	11849	2
3828	11849	2
249	11850	2
1081	11851	2
3461	11851	2
792	11852	2
1046	11852	2
1211	11852	2
1335	11852	2
1343	11852	2
1443	11852	2
1478	11852	2
1775	11852	2
1966	11852	2
1981	11852	2
2391	11852	2
3185	11852	2
3265	11852	2
3315	11852	2
3388	11852	2
3395	11852	2
3425	11852	2
3467	11852	2
3506	11852	2
3523	11852	2
3547	11852	2
3712	11852	2
3736	11852	2
4042	11852	2
1489	11853	2
2641	11853	2
3660	11853	2
3097	11855	2
1236	11856	2
2067	11856	2
2559	11856	2
2593	11856	2
2598	11856	2
2762	11856	2
3373	11856	2
2006	11859	2
219	11863	2
475	11863	2
508	11863	2
768	11863	2
770	11863	2
794	11863	2
829	11863	2
990	11863	2
1026	11863	2
1048	11863	2
1162	11863	2
1206	11863	2
1352	11863	2
1848	11863	2
2353	11863	2
2398	11863	2
2415	11863	2
3539	11863	2
618	11864	2
86	11866	2
224	11866	2
822	11866	2
3769	11866	2
491	11868	2
629	11868	2
949	11868	2
976	11868	2
1001	11868	2
1274	11868	2
1711	11868	2
3356	11868	2
4087	11868	2
2024	11869	2
3348	11869	2
4122	11869	2
1788	11870	2
3463	11870	2
2962	11871	2
3147	11871	2
1352	11875	2
2167	11875	2
3348	11875	2
1450	11878	2
2373	11878	2
1442	11879	2
2786	11879	2
4122	11879	2
475	11880	2
579	11880	2
2033	11880	2
87	11881	2
194	11881	2
197	11881	2
413	11881	2
2506	11882	2
2700	11882	2
3012	11882	2
2418	11883	2
563	11884	2
374	11885	2
1211	11885	2
3421	11885	2
854	11887	2
1164	11887	2
1362	11887	2
1581	11887	2
1955	11887	2
2030	11887	2
2100	11887	2
2293	11887	2
2798	11887	2
2843	11887	2
2849	11887	2
96	11888	2
397	11888	2
1423	11888	2
1495	11888	2
1659	11888	2
1846	11888	2
1952	11888	2
894	11889	2
449	11891	2
3802	11892	2
1002	11894	2
1010	11897	2
1759	11897	2
2427	11897	2
4043	11897	2
3330	11899	2
2880	11900	2
439	11902	2
1097	11902	2
792	11904	2
1048	11905	2
450	11906	2
124	11908	2
752	11908	2
521	11911	2
907	11911	2
1799	11911	2
2167	11911	2
2550	11911	2
2627	11911	2
3421	11911	2
3427	11911	2
3467	11911	2
3502	11911	2
1252	11913	2
2257	11913	2
2266	11913	2
2457	11913	2
3577	11915	2
521	11917	2
3785	11920	2
517	11924	2
1466	11924	2
3603	11924	2
3862	11924	2
3907	11924	2
2338	11927	2
414	11928	2
2518	11929	2
4078	11929	2
4116	11929	2
124	11930	2
450	11932	2
627	11932	2
907	11932	2
917	11932	2
310	11934	2
1966	11934	2
4116	11934	2
484	11935	2
3427	11935	2
16	11938	2
79	11938	2
284	11938	2
821	11938	2
830	11938	2
852	11938	2
952	11938	2
1211	11938	2
1245	11938	2
1306	11938	2
1336	11938	2
1340	11938	2
1450	11938	2
1521	11938	2
1532	11938	2
1788	11938	2
1883	11938	2
2516	11938	2
2895	11938	2
2941	11938	2
3052	11938	2
3171	11938	2
3732	11938	2
3757	11938	2
3769	11938	2
3801	11938	2
3991	11938	2
4036	11938	2
4083	11938	2
1776	11940	2
1674	11941	2
16	11943	2
2095	11946	2
2844	11946	2
1478	11947	2
3243	11947	2
3365	11947	2
3649	11947	2
1987	11950	2
3460	11954	2
