4	0
5	0
9	0
24	0
27	0
32	0
35	0
36	0
37	0
52	0
63	0
69	0
70	0
71	0
80	0
95	0
111	0
114	0
119	0
122	0
123	0
125	0
127	0
128	0
130	0
139	0
141	0
147	0
150	0
153	0
158	0
161	0
169	0
170	0
171	0
172	0
176	0
179	0
191	0
192	0
195	0
200	0
204	0
218	0
230	0
231	0
233	0
237	0
243	0
258	0
259	0
265	0
267	0
270	0
273	0
277	0
279	0
296	0
303	0
306	0
308	0
314	0
316	0
322	0
324	0
329	0
337	0
338	0
344	0
345	0
350	0
365	0
366	0
371	0
376	0
380	0
382	0
385	0
400	0
403	0
404	0
412	0
415	0
420	0
425	0
426	0
427	0
428	0
432	0
435	0
468	0
469	0
475	0
478	0
480	0
484	0
488	0
491	0
495	0
496	0
499	0
506	0
512	0
514	0
516	0
522	0
535	0
543	0
565	0
570	0
575	0
576	0
585	0
590	0
592	0
603	0
623	0
636	0
652	0
653	0
662	0
666	0
680	0
682	0
686	0
690	0
697	0
701	0
707	0
713	0
719	0
722	0
725	0
729	0
731	0
735	0
739	0
744	0
754	0
769	0
778	0
782	0
786	0
789	0
791	0
805	0
807	0
816	0
823	0
828	0
842	0
843	0
846	0
850	0
860	0
865	0
882	0
887	0
888	0
892	0
895	0
900	0
905	0
908	0
928	0
929	0
938	0
940	0
955	0
978	0
979	0
988	0
1002	0
1004	0
1005	0
1009	0
1011	0
1012	0
1018	0
1021	0
1022	0
1023	0
1029	0
1032	1
1038	1
1040	1
1059	1
1063	1
1066	1
1069	1
1074	1
1078	1
1081	1
1082	1
1083	1
1085	1
1087	1
1088	1
1090	1
1094	1
1111	1
1112	1
1122	1
1124	1
1128	1
1137	1
1139	1
1145	1
1150	1
1162	1
1167	1
1168	1
1175	1
1182	1
1187	1
1189	1
1191	1
1195	1
1204	1
1221	1
1235	1
1239	1
1241	1
1242	1
1245	1
1246	1
1247	1
1249	1
1250	1
1270	1
1272	1
1274	1
1281	1
1297	1
1313	1
1317	1
1320	1
1323	1
1328	1
1332	1
1335	1
1345	1
1349	1
1351	1
1364	1
1376	1
1381	1
1388	1
1395	1
1402	1
1418	1
1423	1
1426	1
1429	1
1430	1
1434	1
1435	1
1440	1
1451	1
1454	1
1461	1
1469	1
1472	1
1475	1
1477	1
1481	1
1483	1
1484	1
1493	1
1508	1
1517	1
1522	1
1523	1
1527	1
1537	1
1551	1
1554	1
1566	1
1569	1
1570	1
1574	1
1582	1
1598	1
1600	1
1619	1
1626	1
1641	1
1642	1
1656	1
1657	1
1660	1
1671	1
1681	1
1686	1
1690	1
1693	1
1699	1
1700	1
1702	1
1703	1
1704	1
1705	1
1706	1
1713	1
1714	1
1722	1
1724	1
1727	1
1728	1
1732	1
1748	1
1751	1
1758	1
1764	1
1766	1
1769	1
1775	1
1785	1
1786	1
1789	1
1794	1
1801	1
1805	1
1806	1
1809	1
1815	1
1828	1
1831	1
1836	1
1837	1
1846	1
1855	1
1858	1
1861	1
1863	1
1866	1
1869	1
1878	1
1884	1
1888	1
1894	1
1903	1
1910	1
1912	1
1916	1
1925	1
1929	1
1930	1
1932	1
1936	1
1937	1
1938	1
1942	1
1946	1
1950	1
1954	1
1959	1
1973	1
1977	1
1979	1
1986	1
1992	1
1993	1
1995	1
1998	1
2002	1
2008	1
2009	1
2016	1
2020	1
2032	1
2034	1
2035	1
2048	1
2054	1
2056	1
2058	1
2063	1
2067	1
2068	1
2076	1
2079	1
2080	1
2113	2
2118	2
2121	2
2127	2
2132	2
2144	2
2159	2
2160	2
2162	2
2169	2
2176	2
2177	2
2180	2
2182	2
2184	2
2191	2
2196	2
2200	2
2201	2
2202	2
2203	2
2210	2
2216	2
2218	2
2227	2
2231	2
2235	2
2248	2
2249	2
2256	2
2272	2
2289	2
2295	2
2298	2
2302	2
2319	2
2341	2
2359	2
2361	2
2362	2
2376	2
2378	2
2380	2
2381	2
2400	2
2414	2
2418	2
2422	2
2430	2
2431	2
2440	2
2446	2
2448	2
2462	2
2469	2
2484	2
2486	2
2492	2
2524	2
2530	2
2538	2
2544	2
2546	2
2548	2
2591	2
2610	2
2615	2
2628	2
2643	2
2645	2
2649	2
2653	2
2655	2
2677	2
2678	2
2689	2
2691	2
2692	2
2693	2
2699	2
2704	2
2706	2
2710	2
2720	2
2722	2
2723	2
2727	2
2737	2
2745	2
2749	2
2753	2
2755	2
2759	2
2770	2
2775	2
2782	2
2804	2
2817	2
2830	2
2844	2
2850	2
2851	2
2860	2
2863	2
2883	2
2884	2
2891	2
2898	2
2900	2
2902	2
2905	2
2909	2
2922	2
2923	2
2924	2
2925	2
2936	2
2940	2
2942	2
2950	2
2953	2
2956	2
2960	2
2965	2
2969	2
2981	2
2987	2
3002	2
3005	2
3014	2
3020	2
3034	2
3037	2
3041	2
3074	2
3076	2
3077	2
3082	2
3084	2
3090	2
3097	2
3106	2
3107	2
3125	2
3128	2
3134	3
3141	3
3142	3
3147	3
3149	3
3157	3
3159	3
3160	3
3161	3
3163	3
3164	3
3166	3
3173	3
3181	3
3188	3
3189	3
3194	3
3195	3
3204	3
3229	3
3242	3
3250	3
3251	3
3267	3
3269	3
3271	3
3272	3
3276	3
3277	3
3280	3
3296	3
3297	3
3300	3
3308	3
3317	3
3321	3
3327	3
3335	3
3337	3
3339	3
3341	3
3345	3
3348	3
3358	3
3360	3
3369	3
3373	3
3389	3
3395	3
3397	3
3402	3
3440	3
3443	3
3466	3
3472	3
3473	3
3480	3
3490	3
3494	3
3495	3
3501	3
3508	3
3523	3
3524	3
3528	3
3529	3
3543	3
3546	3
3556	3
3562	3
3567	3
3570	3
3578	3
3598	3
3599	3
3610	3
3612	3
3613	3
3614	3
3615	3
3627	3
3628	3
3631	3
3638	3
3639	3
3642	3
3643	3
3644	3
3648	3
3649	3
3650	3
3653	3
3658	3
3661	3
3663	3
3666	3
3667	3
3670	3
3674	3
3680	3
3701	3
3715	3
3720	3
3721	3
3739	3
3746	3
3748	3
3749	3
3750	3
3759	3
3761	3
3766	3
3773	3
3779	3
3787	3
3788	3
3790	3
3792	3
3797	3
3806	3
3807	3
3810	3
3811	3
3815	3
3819	3
3834	3
3848	3
3849	3
3857	3
3861	3
3863	3
3866	3
3894	3
3904	3
3906	3
3923	3
3928	3
3930	3
3931	3
3933	3
3936	3
3940	3
3941	3
3948	3
3950	3
3961	3
3962	3
4004	3
4007	3
4010	3
4021	3
4027	3
4032	3
4033	3
4035	3
4039	3
4043	3
4049	3
4053	3
4058	3
4067	3
4069	3
4075	3
4077	3
4080	3
4086	3
4087	3
4091	3
4103	3
4130	3
4134	3
4140	3
4144	3
4154	3
4155	3
4159	3
4161	3
4167	3
4171	3
4173	3
4174	3
