size=50, nhead=8, dropout=0.4, neigh-por=0.6, lr=0.01, batch-size=256, epochs=50, attributed=True, supervised=True
4	-0.25376725 -0.4272663 -0.018556004 0.38820717
5	-0.2558319 -0.42962614 -0.014776902 0.39066908
9	-0.32231143 -0.3468854 -0.1841106 0.3753701
19	-0.27623165 -0.39610794 -0.08362694 0.3854536
23	-0.2658373 -0.4338379 -0.043340772 0.39881685
24	-0.28425553 -0.4142687 -0.09200113 0.3874282
25	-0.21513675 -0.4258595 0.017442508 0.3839009
27	-0.28717065 -0.42144525 -0.1107338 0.38875425
29	-0.25437447 -0.42045778 -0.0143281855 0.38509163
32	-0.23116288 -0.4575887 0.00973714 0.38365507
35	-0.23584059 -0.45335728 0.028310666 0.3948289
36	-0.27452862 -0.40067637 -0.09502766 0.39163166
37	-0.32219532 -0.3364455 -0.1867615 0.3793016
39	-0.3010236 -0.36446851 -0.15832447 0.37491086
40	-0.2825084 -0.38435182 -0.10173141 0.38338664
41	-0.30405253 -0.40355274 -0.13006754 0.3877184
44	-0.30057126 -0.39101765 -0.13656595 0.38935435
51	-0.29212654 -0.41007328 -0.09470527 0.39467594
52	-0.2518144 -0.40391624 -0.038361873 0.38362458
63	-0.16504842 -0.50397867 0.17729414 0.3868611
65	-0.3039515 -0.40715364 -0.12680869 0.38828257
66	-0.3089221 -0.4211303 -0.12025158 0.39238355
69	-0.3495759 -0.39514735 -0.20564328 0.3948706
70	-0.3189057 -0.4199319 -0.15677038 0.3835891
71	-0.2607575 -0.3992987 -0.074496955 0.37480664
77	-0.28958037 -0.43689886 -0.06641732 0.396546
80	-0.29271427 -0.37469798 -0.116833344 0.37848526
83	-0.28280032 -0.46547878 -0.06243168 0.39918062
90	-0.32994738 -0.39923617 -0.1567782 0.39089406
95	-0.29472542 -0.3392181 -0.13927446 0.37180662
111	-0.2727556 -0.39403248 -0.0670309 0.3858726
114	-0.18621518 -0.48717764 0.13400958 0.39031684
116	-0.24178144 -0.4315178 0.015937624 0.3891058
118	-0.2811764 -0.38106686 -0.10356926 0.37615353
119	-0.2749301 -0.42310143 -0.05692869 0.39099872
122	-0.31602472 -0.40365908 -0.14925748 0.39432797
123	-0.26395804 -0.40868044 -0.03931709 0.38605115
125	-0.2802629 -0.4024814 -0.080880515 0.38813055
127	-0.28307942 -0.3849337 -0.09632083 0.38252977
128	-0.2647494 -0.39764366 -0.08763109 0.37571958
130	-0.2349218 -0.43395752 0.004992056 0.385874
133	-0.29154643 -0.39760688 -0.12082979 0.383696
139	-0.23891445 -0.3808954 0.0054468764 0.377536
140	-0.27649316 -0.41117904 -0.08825112 0.38768616
141	-0.26457405 -0.39742187 -0.08528111 0.3752599
142	-0.26145858 -0.4061283 -0.055455167 0.38505906
147	-0.29652688 -0.37877417 -0.13150042 0.38345817
150	-0.22028598 -0.44739917 0.047774024 0.38739166
151	-0.31795767 -0.3513592 -0.17618802 0.37901688
153	-0.30410087 -0.4063779 -0.1490235 0.3863591
157	-0.28610992 -0.3700653 -0.13611433 0.37566277
158	-0.26784924 -0.37169844 -0.08185636 0.3789615
161	-0.23280793 -0.44422567 0.029705785 0.38889763
167	-0.27697808 -0.38958237 -0.08226218 0.38354877
169	-0.33413777 -0.33304837 -0.20923802 0.38064063
170	-0.32641372 -0.33539417 -0.22942364 0.37053356
171	-0.3220652 -0.37648135 -0.16875531 0.40051144
172	-0.31145155 -0.43539837 -0.0970182 0.40311962
173	-0.29118612 -0.3803655 -0.123476095 0.38134167
176	-0.24167825 -0.38083562 -0.03643319 0.37540984
179	-0.26482916 -0.46084064 -0.021935899 0.40259936
181	-0.25923523 -0.41303608 -0.036991946 0.38488474
187	-0.24583255 -0.41387033 -0.031624664 0.38658303
191	-0.23438473 -0.37735587 -0.057459712 0.36458784
192	-0.19285712 -0.49046806 0.10838866 0.40477005
195	-0.30946544 -0.41304064 -0.08149909 0.40255886
198	-0.3213835 -0.35989633 -0.18499993 0.38963804
200	-0.31793028 -0.4009233 -0.19419016 0.3964333
204	-0.32427192 -0.3908052 -0.1899266 0.39438173
206	-0.34335053 -0.3491836 -0.23521924 0.38522732
215	-0.27436745 -0.40894625 -0.08208763 0.38403186
218	-0.29862317 -0.37908667 -0.15913549 0.38451147
222	-0.29826644 -0.38144612 -0.13180518 0.3865132
227	-0.30679458 -0.36058688 -0.1872238 0.38654715
230	-0.26514864 -0.42848352 -0.053012192 0.39202353
231	-0.2872953 -0.4070333 -0.07480359 0.39139533
233	-0.29353508 -0.4060545 -0.122429125 0.38482302
236	-0.27262715 -0.38879055 -0.08719791 0.38421625
237	-0.19701517 -0.4193365 0.054133 0.3616457
238	-0.26273566 -0.39807647 -0.06225882 0.38213682
239	-0.299569 -0.41682515 -0.12282802 0.4011263
240	-0.31326988 -0.39587015 -0.1511584 0.38979053
243	-0.24976222 -0.42219922 -0.018520607 0.38523343
250	-0.23109616 -0.40188536 -0.010468949 0.38379207
251	-0.31778553 -0.35473725 -0.17584826 0.38935983
253	-0.3230076 -0.34499836 -0.19442919 0.38116926
258	-0.26189682 -0.38299122 -0.058578856 0.3789468
259	-0.28999817 -0.41532892 -0.09379917 0.3906465
261	-0.24800959 -0.4314699 -0.018981889 0.38524273
265	-0.29408926 -0.41239733 -0.11911001 0.3894577
267	-0.32897845 -0.40832928 -0.19259642 0.39173472
270	-0.23992933 -0.38029748 -0.03213966 0.374636
271	-0.27665484 -0.3927789 -0.09368467 0.38144755
273	-0.3141735 -0.38339227 -0.17659439 0.3867204
275	-0.29159686 -0.38664302 -0.113092646 0.38280228
277	-0.2361242 -0.42262086 0.010857515 0.38458657
279	-0.311481 -0.41196606 -0.1264825 0.39461944
280	-0.2712817 -0.3821606 -0.0797961 0.3706431
284	-0.33246875 -0.37417436 -0.2181635 0.3822013
292	-0.2711948 -0.4176914 -0.07552292 0.3799292
293	-0.27063364 -0.37358108 -0.09814371 0.37638578
295	-0.29033238 -0.42001194 -0.11542404 0.38872862
296	-0.31245318 -0.3619573 -0.17246303 0.38916957
297	-0.251444 -0.40073836 -0.03217666 0.38052878
303	-0.3076494 -0.42513275 -0.119947806 0.3972309
306	-0.28824118 -0.38340127 -0.09856656 0.37460688
308	-0.28207982 -0.3866566 -0.080156825 0.38766626
314	-0.36255163 -0.35793224 -0.25221756 0.38600525
316	-0.3009356 -0.38677594 -0.13042115 0.38448843
319	-0.31374756 -0.42614377 -0.13509125 0.40903518
322	-0.3124321 -0.34767085 -0.14388151 0.380841
324	-0.31161267 -0.36455798 -0.16732557 0.37806606
326	-0.27859417 -0.38097093 -0.095373884 0.37808537
329	-0.31138507 -0.3859282 -0.15665147 0.3801079
337	-0.2898133 -0.40970826 -0.08959368 0.3936441
338	-0.30238554 -0.38710302 -0.13730977 0.38775322
342	-0.3421111 -0.3639111 -0.20727564 0.38753062
344	-0.2854295 -0.39742488 -0.07070026 0.38627332
345	-0.36430794 -0.31927946 -0.26548436 0.39006764
349	-0.28245574 -0.40718174 -0.10053167 0.381099
350	-0.2755884 -0.39276212 -0.05554209 0.38779324
355	-0.2941874 -0.37140206 -0.14124347 0.37800336
356	-0.292751 -0.37741965 -0.14539036 0.37837517
358	-0.2687175 -0.38771355 -0.14062014 0.3813293
363	-0.28939205 -0.3737638 -0.10653652 0.38549268
365	-0.23545478 -0.36866027 -0.027700728 0.3719009
366	-0.29993016 -0.36424628 -0.14471799 0.38254654
369	-0.29996347 -0.37883505 -0.15101303 0.37638557
371	-0.25486445 -0.41748607 -0.021849874 0.38458568
373	-0.27345204 -0.3867845 -0.076409824 0.38091627
376	-0.30618644 -0.38728052 -0.15841274 0.37992498
380	-0.27531052 -0.45470226 -0.045485646 0.39803404
381	-0.35205248 -0.32246062 -0.23633309 0.38610792
382	-0.25531322 -0.45177168 -0.0004205668 0.39018843
385	-0.23563993 -0.45775098 0.03310452 0.39559212
390	-0.29564577 -0.37732822 -0.12308547 0.38363692
395	-0.28126368 -0.36695498 -0.111576855 0.3747761
397	-0.265309 -0.3662809 -0.09822195 0.37328115
400	-0.26514262 -0.42542124 -0.030872054 0.39665732
403	-0.30054426 -0.37055677 -0.15278266 0.3816263
404	-0.33159903 -0.32764032 -0.21043147 0.37904313
410	-0.33635774 -0.4014628 -0.19085519 0.39115492
411	-0.29939255 -0.4089232 -0.09795949 0.38650846
412	-0.2905473 -0.34918112 -0.1504749 0.37957764
413	-0.26910654 -0.39777565 -0.12231222 0.37673187
415	-0.33224243 -0.34517798 -0.20055102 0.3859891
420	-0.35496947 -0.31204504 -0.2538096 0.38284597
421	-0.3166032 -0.3432516 -0.18351227 0.37506983
425	-0.2827428 -0.3992234 -0.11723587 0.38247874
426	-0.32755 -0.33790797 -0.2026843 0.3803133
427	-0.30570456 -0.3454383 -0.15450706 0.37404737
428	-0.29738665 -0.36247143 -0.1380936 0.38008067
432	-0.26644218 -0.4132498 -0.08087724 0.38273647
434	-0.26361293 -0.39147574 -0.08192945 0.37846494
435	-0.29501703 -0.37560016 -0.1413248 0.38008738
441	-0.26047048 -0.40684822 -0.058629043 0.38756737
451	-0.31253594 -0.38345614 -0.14832123 0.3851565
458	-0.3370558 -0.4143603 -0.16886228 0.39808527
459	-0.302224 -0.3798185 -0.13746585 0.39157337
463	-0.2772004 -0.3933028 -0.10215458 0.38285404
468	-0.30676997 -0.33711392 -0.16809793 0.3769801
469	-0.2904692 -0.40432543 -0.07534391 0.3885859
470	-0.25214458 -0.3852907 -0.06345224 0.37373564
472	-0.28473324 -0.40641293 -0.08447363 0.39212418
474	-0.29648587 -0.3474637 -0.15620486 0.37821266
475	-0.28246045 -0.40086418 -0.107136436 0.38316065
477	-0.27801493 -0.387938 -0.11569432 0.37706658
478	-0.2759561 -0.3921842 -0.08351609 0.38109004
480	-0.30166507 -0.3577294 -0.15866663 0.3708309
484	-0.31193274 -0.39386696 -0.1607098 0.38919443
488	-0.29203725 -0.381744 -0.111907065 0.3834697
489	-0.3020288 -0.3911185 -0.1392542 0.39103884
491	-0.31388846 -0.34118754 -0.18195236 0.38393638
495	-0.2929785 -0.38068974 -0.123384014 0.38320705
496	-0.325604 -0.37524924 -0.16205376 0.3909358
498	-0.33425105 -0.36657664 -0.20879364 0.39503092
499	-0.2907076 -0.3955513 -0.14347835 0.38397047
502	-0.2611547 -0.40567222 -0.0530985 0.38321695
504	-0.37260586 -0.3637816 -0.25405627 0.4005762
506	-0.3116323 -0.39899015 -0.1495164 0.3885069
509	-0.23309901 -0.45460665 0.037104413 0.38968125
511	-0.29329816 -0.36702698 -0.15091144 0.38162813
512	-0.25039738 -0.4109393 -0.041448146 0.37866598
513	-0.2785456 -0.39483532 -0.10153853 0.3848166
514	-0.27778524 -0.38611597 -0.08807033 0.38050112
516	-0.28882062 -0.38905877 -0.110633455 0.38188705
522	-0.29398248 -0.36411664 -0.16763811 0.37489507
524	-0.2732427 -0.4126401 -0.07210134 0.39380643
526	-0.28267944 -0.3878387 -0.102869585 0.38273385
529	-0.28383088 -0.37671304 -0.11766114 0.37882632
533	-0.3128146 -0.33903986 -0.18854398 0.37887567
534	-0.33465478 -0.3389852 -0.21348216 0.38402528
535	-0.21733381 -0.448277 0.095569536 0.39168927
543	-0.2936325 -0.3676812 -0.14946127 0.37221977
544	-0.24192452 -0.44395235 0.00295003 0.3847582
546	-0.31453437 -0.39962977 -0.12927626 0.38501897
547	-0.29695016 -0.39068416 -0.12852105 0.38576335
548	-0.30126405 -0.3904067 -0.15114054 0.3878459
550	-0.29195672 -0.37993956 -0.11670183 0.38720757
552	-0.34889442 -0.3562348 -0.21046583 0.39128688
557	-0.31345364 -0.38986054 -0.15720026 0.38255852
558	-0.32090092 -0.34169358 -0.1900927 0.38091525
562	-0.29718816 -0.35872862 -0.14730348 0.37887186
565	-0.30583447 -0.34449446 -0.17832533 0.37470797
570	-0.29972556 -0.37644657 -0.1552141 0.3755043
575	-0.3054636 -0.37017792 -0.14936812 0.38096455
576	-0.32339638 -0.37884513 -0.1533064 0.3901553
580	-0.27408552 -0.3854818 -0.11620892 0.36651152
585	-0.27315554 -0.3806157 -0.09570289 0.38250706
590	-0.25062487 -0.42862877 -0.024737539 0.39038268
591	-0.287504 -0.45083976 -0.069461346 0.4038811
592	-0.27803627 -0.38121003 -0.10508475 0.37673306
599	-0.3406783 -0.36044824 -0.18092285 0.4051907
601	-0.28717908 -0.38262558 -0.12254438 0.37794423
603	-0.3135246 -0.33918324 -0.17581366 0.38065353
607	-0.25020444 -0.38560334 -0.05420779 0.37421858
623	-0.26329315 -0.42217276 -0.050109025 0.39047372
624	-0.28967187 -0.37916908 -0.14012195 0.37921852
626	-0.2863524 -0.39670324 -0.1396608 0.38872275
628	-0.28646025 -0.39018798 -0.11070624 0.38181683
636	-0.29349744 -0.37084162 -0.10488466 0.39636007
637	-0.2761673 -0.4067461 -0.103060365 0.3902199
638	-0.26827842 -0.3847636 -0.07934104 0.38107488
640	-0.3021964 -0.36175612 -0.16191465 0.38300505
644	-0.29138517 -0.4226838 -0.114116356 0.3898157
645	-0.2854988 -0.37958997 -0.1117001 0.3779914
652	-0.29738525 -0.399944 -0.119029775 0.39297298
653	-0.29433045 -0.40358153 -0.101542495 0.39398035
661	-0.24802256 -0.45555001 -0.026577849 0.3954508
662	-0.32695282 -0.41030923 -0.13533324 0.4057886
663	-0.30117172 -0.3862913 -0.12348253 0.39255628
666	-0.273215 -0.44536832 -0.07906011 0.39307964
677	-0.24033713 -0.4065354 -0.0051657534 0.38342652
680	-0.29009658 -0.39595902 -0.10354842 0.39176133
682	-0.24892187 -0.38176966 -0.05295773 0.3720632
684	-0.31270233 -0.35476285 -0.17886695 0.3813345
686	-0.33264893 -0.39017913 -0.17607315 0.39142284
690	-0.23660569 -0.43016082 0.011804652 0.38632804
691	-0.30927098 -0.37058476 -0.14695418 0.3813394
697	-0.35708627 -0.36518544 -0.23622781 0.38541383
701	-0.35773194 -0.32144636 -0.25115666 0.38361877
704	-0.35016826 -0.3011326 -0.24129854 0.3867123
707	-0.28448278 -0.37283462 -0.09673696 0.3831391
713	-0.2762979 -0.37891433 -0.105530865 0.37911698
719	-0.26054025 -0.36423674 -0.07453655 0.36521295
722	-0.25633642 -0.40750748 -0.0018084557 0.39822713
725	-0.27581057 -0.4031938 -0.08834738 0.3802018
729	-0.29791358 -0.43031266 -0.080904275 0.39734614
731	-0.30774778 -0.38851345 -0.15213078 0.3870339
732	-0.2996348 -0.38153532 -0.12860212 0.39303657
733	-0.3205543 -0.34873784 -0.18840832 0.38854986
735	-0.29056272 -0.42424145 -0.13722903 0.39406058
739	-0.3405684 -0.35339025 -0.19871174 0.387916
742	-0.28931588 -0.39638677 -0.0920881 0.39659694
744	-0.30759785 -0.38700366 -0.15439455 0.38538092
754	-0.29863995 -0.37059948 -0.15806326 0.3773997
758	-0.29530758 -0.33949324 -0.18557765 0.3769589
768	-0.28153133 -0.32787907 -0.1563484 0.37637278
769	-0.34718144 -0.31060517 -0.2594495 0.37977803
777	-0.29832277 -0.34269142 -0.18251567 0.36886477
778	-0.23958126 -0.3732116 -0.054014515 0.37070808
780	-0.23547587 -0.42045206 -0.04220047 0.38348526
782	-0.31026107 -0.35459483 -0.18521577 0.38487244
786	-0.26702678 -0.3762178 -0.13971154 0.3674724
789	-0.34414583 -0.30696627 -0.2525477 0.3834932
791	-0.29697055 -0.35159615 -0.15858455 0.38232204
805	-0.33604953 -0.34252632 -0.24187425 0.3897914
807	-0.3240741 -0.3174892 -0.22843507 0.37508222
808	-0.27646938 -0.3829645 -0.13876121 0.38150027
816	-0.2959391 -0.38968113 -0.14477745 0.39452818
819	-0.31158197 -0.36817747 -0.1555017 0.3916748
820	-0.2670595 -0.35921142 -0.11093198 0.37338114
822	-0.35887438 -0.318021 -0.2940848 0.3940231
823	-0.31508642 -0.38280815 -0.16577272 0.39683408
824	-0.29112452 -0.3575821 -0.16689926 0.37462014
825	-0.35222405 -0.29081634 -0.27319002 0.37692794
828	-0.31421953 -0.39542156 -0.15469058 0.4009793
842	-0.3005576 -0.38855636 -0.13704525 0.39437395
843	-0.340858 -0.3972367 -0.22246885 0.40400937
846	-0.27150095 -0.36019444 -0.13738655 0.37651402
848	-0.2815045 -0.36525357 -0.13131319 0.3818326
849	-0.31698364 -0.32608405 -0.21139896 0.38442042
850	-0.27053505 -0.33766398 -0.11947034 0.37857988
851	-0.3781818 -0.26419696 -0.33001602 0.38438907
852	-0.27321145 -0.37195283 -0.13982621 0.38532922
860	-0.29464504 -0.39345053 -0.16555268 0.37902305
862	-0.24100599 -0.38491777 -0.06936145 0.367777
863	-0.25794786 -0.3744569 -0.11473843 0.36052352
864	-0.27020666 -0.33534497 -0.12335855 0.37731266
865	-0.26944074 -0.33750874 -0.10415763 0.37295082
871	-0.30814126 -0.34217286 -0.22018291 0.36956888
873	-0.38000843 -0.31705165 -0.29016846 0.38804123
877	-0.27986568 -0.39277977 -0.11875625 0.37848118
882	-0.28885996 -0.33485612 -0.17819193 0.37182158
886	-0.30405602 -0.3184746 -0.18615417 0.3706328
887	-0.29479077 -0.33711582 -0.1906101 0.3763596
888	-0.2424878 -0.39115733 -0.03532619 0.3781884
889	-0.27591375 -0.3535949 -0.14743385 0.365828
891	-0.26350677 -0.34147218 -0.10332959 0.3791198
892	-0.23190486 -0.43775806 0.004742009 0.38575387
895	-0.30445206 -0.34500247 -0.17781222 0.38197172
900	-0.30728257 -0.34004453 -0.17401981 0.39366966
901	-0.25078836 -0.38525012 -0.053383365 0.3840491
905	-0.32376438 -0.38736194 -0.2103484 0.39729753
907	-0.27741525 -0.36046553 -0.192696 0.3671437
908	-0.29224667 -0.33967724 -0.18569565 0.37301767
909	-0.30408284 -0.4319242 -0.10333799 0.39059302
920	-0.29476064 -0.3467145 -0.1747776 0.37557465
928	-0.28884673 -0.3810088 -0.14479768 0.38334578
929	-0.28018096 -0.4119052 -0.12356274 0.38737848
930	-0.30594784 -0.39697748 -0.1307999 0.39854053
931	-0.35195675 -0.40048108 -0.18930352 0.401971
938	-0.27247405 -0.3955422 -0.10469326 0.39224148
939	-0.26349884 -0.40873563 -0.03085738 0.38994354
940	-0.37884086 -0.26410422 -0.32587257 0.38497034
947	-0.2468874 -0.34960216 -0.09869391 0.36928996
953	-0.2291694 -0.4079018 -0.019612461 0.37985328
955	-0.3305495 -0.3512794 -0.21967867 0.3878824
960	-0.27876267 -0.33537793 -0.15046105 0.37648675
963	-0.3009595 -0.333612 -0.14767368 0.37634408
967	-0.3317755 -0.35551223 -0.23454748 0.3940359
968	-0.26434073 -0.38061327 -0.09730546 0.38607967
970	-0.27994442 -0.35173577 -0.13960052 0.38361728
972	-0.28345838 -0.30699858 -0.14614159 0.347429
976	-0.28017935 -0.3604283 -0.1374888 0.3767015
978	-0.32001674 -0.32743517 -0.21834509 0.3832451
979	-0.28277805 -0.3813507 -0.13048747 0.38242322
983	-0.2836515 -0.3694957 -0.1167419 0.38170558
988	-0.29706773 -0.41137248 -0.1544075 0.39211512
989	-0.28969768 -0.41003117 -0.1114288 0.39862317
991	-0.24198614 -0.41131347 -0.04781231 0.3864346
995	-0.26371148 -0.38921437 -0.064545825 0.37615
1002	-0.36225677 -0.39784443 -0.21254271 0.41309717
1003	-0.26889697 -0.36451364 -0.1378816 0.38564938
1004	-0.31548235 -0.37144747 -0.16202615 0.3781383
1005	-0.29689357 -0.344736 -0.16413046 0.38286558
1009	-0.26932365 -0.39977452 -0.09745252 0.38770345
1011	-0.3014263 -0.36784333 -0.15621729 0.38625765
1012	-0.2729485 -0.37856936 -0.09518095 0.38118866
1018	-0.24674045 -0.4226895 -0.046126768 0.3862417
1019	-0.28136578 -0.34402895 -0.1624054 0.37111735
1021	-0.24024701 -0.34922415 -0.089579456 0.3681691
1022	-0.30473164 -0.34733546 -0.17567447 0.38836858
1023	-0.36627254 -0.34629264 -0.28907123 0.401019
1029	-0.31395712 -0.38998613 -0.17921957 0.3950928
1032	-0.29364914 -0.3597551 -0.13233715 0.3823619
1034	-0.3657239 -0.30555958 -0.27746722 0.3913199
1038	-0.24880725 -0.3924774 -0.027050568 0.38502222
1039	-0.29319233 -0.36198413 -0.13857518 0.38372704
1040	-0.35226378 -0.29730067 -0.2482048 0.37529477
1041	-0.30347696 -0.299458 -0.21278217 0.37034053
1058	-0.26240718 -0.3862613 -0.04009541 0.37872368
1059	-0.2920282 -0.36180073 -0.12979671 0.38516903
1062	-0.2709329 -0.31869304 -0.15316364 0.36382526
1063	-0.31849232 -0.4013333 -0.13968912 0.4079223
1066	-0.365032 -0.27078003 -0.29760718 0.37082434
1069	-0.30178103 -0.34816363 -0.14194643 0.3955733
1071	-0.28107554 -0.34528357 -0.14014824 0.38321468
1073	-0.3551329 -0.28718626 -0.27133623 0.381996
1074	-0.35996026 -0.34808967 -0.2488938 0.38837904
1078	-0.2937033 -0.35817605 -0.15852375 0.38119513
1079	-0.32640216 -0.31043673 -0.1796304 0.3780696
1081	-0.29965156 -0.32298437 -0.17748094 0.3681788
1082	-0.2674818 -0.3419861 -0.10179199 0.38712248
1083	-0.28776214 -0.3840261 -0.13455144 0.39034387
1084	-0.39380088 -0.27395284 -0.34142125 0.38730288
1085	-0.32486165 -0.3346225 -0.19464491 0.37982047
1086	-0.33369163 -0.36655825 -0.19637665 0.396263
1087	-0.2922692 -0.3494927 -0.15146604 0.37319696
1088	-0.26978284 -0.31873623 -0.13675281 0.36877888
1090	-0.3690307 -0.30136806 -0.25191313 0.37798846
1093	-0.2656731 -0.32099444 -0.1197362 0.36967462
1094	-0.30304483 -0.32917792 -0.18802753 0.37815392
1097	-0.30373254 -0.3636964 -0.12867855 0.38550687
1099	-0.33636943 -0.34557313 -0.20031434 0.39606193
1105	-0.32057858 -0.32512656 -0.21644165 0.37718078
1111	-0.24917758 -0.35818204 -0.08246257 0.3701975
1112	-0.35372627 -0.3024118 -0.25225115 0.37888926
1116	-0.29297572 -0.32216728 -0.17301503 0.36288285
1119	-0.28348118 -0.32073802 -0.13836424 0.38438547
1122	-0.3167136 -0.30350617 -0.22441806 0.37168124
1124	-0.31151837 -0.30010042 -0.2316115 0.37238452
1128	-0.33223057 -0.30408806 -0.23968758 0.38599896
1134	-0.37053484 -0.32317182 -0.29644105 0.39258087
1135	-0.3722384 -0.33613163 -0.2949179 0.39214864
1137	-0.34421262 -0.34718454 -0.23851627 0.39136642
1139	-0.39949057 -0.2944422 -0.32868856 0.39400038
1141	-0.33730298 -0.3719669 -0.1974221 0.38879845
1144	-0.27191392 -0.36080196 -0.11888239 0.37943327
1145	-0.34122553 -0.32512566 -0.22735105 0.38799748
1150	-0.30801114 -0.34820956 -0.16511093 0.38046804
1152	-0.2928043 -0.35617074 -0.16540335 0.3752778
1156	-0.34780458 -0.33617365 -0.2316021 0.3905859
1159	-0.3223187 -0.33289808 -0.21516685 0.38155222
1162	-0.30337745 -0.34052795 -0.18266237 0.38430065
1163	-0.31277415 -0.31453675 -0.2019369 0.3717329
1167	-0.33018818 -0.27550027 -0.25537825 0.36673608
1168	-0.30164456 -0.39756095 -0.15356213 0.39506993
1170	-0.32200757 -0.32775313 -0.21447162 0.37951586
1175	-0.3278818 -0.36477312 -0.17562026 0.38798073
1177	-0.321648 -0.3266844 -0.17668858 0.39276654
1182	-0.2367733 -0.39196235 -0.012254899 0.38319123
1187	-0.3212806 -0.25079736 -0.24664238 0.36368912
1189	-0.25304914 -0.40607074 -0.049932152 0.3892213
1191	-0.28013083 -0.36441118 -0.109208636 0.38435808
1193	-0.28738004 -0.34929365 -0.14051864 0.37722248
1195	-0.31051904 -0.3463156 -0.17381871 0.39417252
1199	-0.22731209 -0.38361448 -0.008763064 0.39383528
1204	-0.30431646 -0.396528 -0.15258895 0.38926584
1207	-0.33560982 -0.30679753 -0.24423121 0.38045844
1214	-0.32798553 -0.33185038 -0.23751426 0.3773591
1215	-0.2583656 -0.39127532 -0.042675942 0.3876089
1220	-0.2949115 -0.33769763 -0.16439642 0.36918724
1221	-0.36179537 -0.28137007 -0.28888276 0.38152656
1225	-0.2705988 -0.3699151 -0.099526815 0.38283995
1231	-0.32109645 -0.35414702 -0.21739574 0.3850665
1235	-0.28683183 -0.36535123 -0.13776332 0.381201
1237	-0.36310518 -0.34575236 -0.26208445 0.40523368
1239	-0.29788515 -0.40431267 -0.114369795 0.4083448
1241	-0.36329702 -0.2997955 -0.24804322 0.3758476
1242	-0.33547804 -0.34357062 -0.21135494 0.38891786
1243	-0.31316936 -0.3241519 -0.21012859 0.3751358
1245	-0.2947064 -0.31047744 -0.18482262 0.37638476
1246	-0.31020558 -0.31454542 -0.190338 0.3635893
1247	-0.3042108 -0.37207192 -0.12389914 0.38152257
1249	-0.33184102 -0.31843215 -0.23104127 0.38156506
1250	-0.25627202 -0.3978519 -0.06350046 0.3773549
1257	-0.2928846 -0.38278937 -0.100590385 0.39761463
1270	-0.31143525 -0.32469347 -0.16750626 0.38088906
1272	-0.30778673 -0.30199274 -0.1848614 0.37535685
1274	-0.32227275 -0.3419019 -0.20630868 0.38832057
1281	-0.3323942 -0.28784278 -0.23918894 0.3653201
1282	-0.33744836 -0.2972505 -0.2415195 0.38888007
1297	-0.34775165 -0.30880633 -0.25994322 0.38197505
1302	-0.31312057 -0.34592506 -0.18770327 0.38347805
1308	-0.27377823 -0.35886657 -0.10768264 0.37688243
1311	-0.26727694 -0.3413592 -0.12085393 0.37105215
1313	-0.3406692 -0.31538832 -0.22421965 0.38547412
1317	-0.27642533 -0.31247032 -0.11966508 0.36233386
1320	-0.3154143 -0.32374144 -0.19417915 0.37768027
1323	-0.32087082 -0.39780495 -0.15128691 0.4073812
1328	-0.37012416 -0.3125804 -0.2808286 0.40210468
1330	-0.38109976 -0.30939573 -0.29482704 0.40194947
1332	-0.30240157 -0.32971713 -0.18304054 0.37724978
1334	-0.35206985 -0.29880446 -0.27735323 0.37828004
1335	-0.3829672 -0.31196302 -0.29886562 0.40236127
1342	-0.31891978 -0.3277828 -0.20547765 0.37745053
1345	-0.16639169 -0.42520016 0.13702603 0.3890111
1349	-0.29289654 -0.30575824 -0.20437361 0.3734233
1351	-0.29681525 -0.33405933 -0.16096343 0.38274717
1354	-0.33424675 -0.29728353 -0.24202462 0.3746167
1364	-0.3382461 -0.3330996 -0.22314131 0.38801393
1370	-0.36406544 -0.35953093 -0.24178787 0.40013117
1374	-0.32038736 -0.34639326 -0.18617304 0.38461134
1375	-0.3388093 -0.32508188 -0.23766331 0.3958835
1376	-0.29120737 -0.31818804 -0.14535145 0.37640253
1378	-0.32830578 -0.3265401 -0.20714432 0.3953619
1380	-0.27734855 -0.3582794 -0.12666254 0.3789712
1381	-0.27013147 -0.34028357 -0.10976248 0.38678995
1385	-0.34121382 -0.30129617 -0.25843543 0.383204
1388	-0.34754163 -0.3722324 -0.21347815 0.38572815
1389	-0.3738306 -0.24682893 -0.3104048 0.3842736
1393	-0.3192597 -0.33559725 -0.19949996 0.38183683
1394	-0.33021653 -0.3232719 -0.2506964 0.38621157
1395	-0.29763782 -0.36825758 -0.16157182 0.38006544
1398	-0.29312068 -0.32835335 -0.15540195 0.37552887
1402	-0.3401906 -0.32262707 -0.22622438 0.38750252
1407	-0.33092883 -0.35665655 -0.17750841 0.38897282
1409	-0.3142071 -0.3116786 -0.2104782 0.36896464
1413	-0.32036853 -0.35617167 -0.18091242 0.38786644
1418	-0.25796995 -0.37349063 -0.095961295 0.3734112
1420	-0.3891984 -0.36255598 -0.28569397 0.4139088
1423	-0.36962432 -0.32233754 -0.28134352 0.3926929
1424	-0.28240675 -0.34993288 -0.13643083 0.38013363
1426	-0.3273919 -0.33510402 -0.19167541 0.39875552
1428	-0.3389228 -0.30108213 -0.23770171 0.38959643
1429	-0.29285052 -0.36372864 -0.13483253 0.38765457
1430	-0.26509655 -0.3872545 -0.06338179 0.38427165
1434	-0.32464162 -0.31794322 -0.21447806 0.37201196
1435	-0.31092283 -0.39026985 -0.16927098 0.40022978
1439	-0.35073543 -0.3046232 -0.26360646 0.3813695
1440	-0.36295566 -0.28160164 -0.28528124 0.38125783
1441	-0.34152728 -0.32768306 -0.25019848 0.3856681
1443	-0.29996595 -0.38890833 -0.09386926 0.4011751
1449	-0.35017458 -0.2885431 -0.26409578 0.3828755
1451	-0.24539238 -0.35766563 -0.076244585 0.386483
1454	-0.32766402 -0.29972175 -0.24302758 0.37719983
1457	-0.3446559 -0.32303867 -0.24122009 0.3896541
1461	-0.3836003 -0.29616618 -0.29018334 0.38079274
1465	-0.24732396 -0.39366394 -0.048045162 0.39066777
1469	-0.32199606 -0.354373 -0.1696063 0.39052567
1472	-0.35585406 -0.29541603 -0.25641245 0.39255333
1475	-0.35239765 -0.3301706 -0.24631459 0.3923266
1477	-0.26498812 -0.34246954 -0.10765618 0.37579906
1479	-0.31696132 -0.31427106 -0.1988745 0.38050312
1480	-0.316924 -0.31927872 -0.21261413 0.38931638
1481	-0.33087146 -0.31272715 -0.24412942 0.3848131
1483	-0.36921167 -0.310556 -0.27742627 0.39183652
1484	-0.34073925 -0.27601856 -0.24861498 0.3685758
1485	-0.36371276 -0.33176762 -0.26613393 0.39782718
1486	-0.3494033 -0.35036185 -0.23216704 0.40722713
1489	-0.2983093 -0.3938996 -0.14138171 0.39890686
1491	-0.3456808 -0.314346 -0.25168127 0.389317
1493	-0.36562732 -0.3547678 -0.24681132 0.39957044
1497	-0.2664288 -0.39493367 -0.08060119 0.38737714
1498	-0.407099 -0.25932816 -0.34846622 0.39724964
1500	-0.39545742 -0.27683264 -0.35109037 0.3900746
1508	-0.27917707 -0.330823 -0.15588768 0.3736588
1512	-0.35507673 -0.4364181 -0.19355978 0.4068171
1517	-0.33343324 -0.3031934 -0.24261358 0.37724978
1521	-0.33651412 -0.30174652 -0.2380092 0.3747738
1522	-0.35227698 -0.34445024 -0.24651219 0.38817853
1523	-0.37661424 -0.40856582 -0.2431127 0.41380537
1526	-0.31823233 -0.31684044 -0.23123068 0.3767116
1527	-0.31971583 -0.35694045 -0.15640451 0.37330326
1534	-0.32333592 -0.33973512 -0.20693104 0.38632986
1537	-0.33863503 -0.36401328 -0.21383223 0.4002139
1542	-0.35173115 -0.31569245 -0.24967487 0.38186663
1551	-0.341013 -0.29975867 -0.21714738 0.39472118
1554	-0.26716363 -0.363084 -0.08244767 0.37874684
1557	-0.29701507 -0.36154297 -0.16975904 0.37742114
1563	-0.35446364 -0.39769903 -0.18769214 0.404528
1566	-0.27185118 -0.3701888 -0.09816406 0.3767556
1569	-0.32119915 -0.33460283 -0.19376004 0.37984607
1570	-0.30584893 -0.33602926 -0.18085779 0.37729776
1574	-0.29044423 -0.38827512 -0.09788061 0.38941103
1576	-0.3437003 -0.27900812 -0.25534242 0.3813154
1577	-0.27050784 -0.41864872 -0.035999987 0.39157468
1581	-0.32940856 -0.32003587 -0.21826467 0.38008624
1582	-0.25909182 -0.36012983 -0.05941583 0.3766035
1584	-0.37564442 -0.3213984 -0.2852468 0.38613123
1587	-0.3393831 -0.39008015 -0.19271505 0.38651672
1590	-0.30441487 -0.41159162 -0.100566745 0.3934655
1591	-0.33523232 -0.33489186 -0.18902324 0.39015466
1592	-0.32579795 -0.33952236 -0.21580173 0.38485545
1595	-0.32141975 -0.37133047 -0.16728352 0.3859261
1596	-0.34115028 -0.2907442 -0.23378152 0.37143666
1598	-0.3265282 -0.33170328 -0.19733152 0.38355008
1600	-0.3864384 -0.30288142 -0.29476666 0.39055622
1601	-0.32276827 -0.329084 -0.19891395 0.37945187
1603	-0.35602802 -0.3141994 -0.25515786 0.3839987
1609	-0.28803426 -0.33472827 -0.12503034 0.38484433
1619	-0.352658 -0.35670808 -0.24228679 0.39291692
1622	-0.37666392 -0.2760511 -0.27396467 0.3888107
1626	-0.32110527 -0.37589368 -0.15271744 0.38348493
1631	-0.29245836 -0.3438385 -0.16196138 0.37843043
1639	-0.320241 -0.37915438 -0.18708816 0.3888291
1641	-0.32223785 -0.37380728 -0.14345169 0.39507753
1642	-0.27025345 -0.3245915 -0.13534538 0.35601318
1643	-0.32219118 -0.3394499 -0.20685518 0.3850638
1656	-0.37050158 -0.36134905 -0.26080257 0.40063992
1657	-0.3089501 -0.34754395 -0.14499934 0.3908973
1660	-0.30991864 -0.32755405 -0.15136427 0.37279627
1663	-0.3433952 -0.3347676 -0.22434898 0.3848758
1669	-0.2985971 -0.37286738 -0.1398961 0.3912071
1671	-0.2778303 -0.33470508 -0.13759129 0.3665511
1679	-0.30254796 -0.33866012 -0.16584837 0.37910646
1680	-0.35371724 -0.33862972 -0.23576729 0.4018764
1681	-0.32274437 -0.32753354 -0.20213911 0.37689787
1683	-0.36575228 -0.37301293 -0.2347826 0.3911408
1684	-0.28002703 -0.3978191 -0.119262084 0.3898162
1686	-0.29211527 -0.3807575 -0.114538014 0.38864776
1688	-0.27375087 -0.40657416 -0.0587137 0.3946022
1690	-0.34200832 -0.35849297 -0.18347624 0.3965482
1692	-0.322887 -0.33409098 -0.19602868 0.37100163
1693	-0.30102146 -0.37855536 -0.15813218 0.38494775
1695	-0.28705266 -0.37858036 -0.13732639 0.37678474
1698	-0.38133845 -0.27658847 -0.28205445 0.38725844
1699	-0.3156881 -0.3608478 -0.16849563 0.38746622
1700	-0.3686389 -0.29915002 -0.29602364 0.37929583
1702	-0.2681617 -0.41950244 -0.0031411522 0.3940631
1703	-0.2797385 -0.3805762 -0.09118 0.38096896
1704	-0.35716525 -0.36314902 -0.21810015 0.4013733
1705	-0.28427804 -0.35127574 -0.13879494 0.381043
1706	-0.3240161 -0.30258244 -0.19057617 0.3792302
1709	-0.31884786 -0.33865705 -0.18798164 0.37932652
1713	-0.2851057 -0.3834801 -0.09405339 0.38421464
1714	-0.2660761 -0.39499 -0.046523716 0.38927034
1718	-0.3082802 -0.38785332 -0.123227395 0.39065072
1720	-0.29358655 -0.37269902 -0.13873021 0.38144988
1722	-0.29611892 -0.36785266 -0.15481216 0.38986012
1724	-0.30512875 -0.29006672 -0.18452324 0.37289232
1725	-0.379489 -0.30530283 -0.278518 0.39108148
1726	-0.25617445 -0.34011638 -0.075531535 0.36278477
1727	-0.31426525 -0.31672618 -0.19945058 0.37215033
1728	-0.29325697 -0.3513558 -0.121155605 0.37231028
1729	-0.3571986 -0.32216045 -0.22903243 0.40662515
1732	-0.2641177 -0.38417494 -0.09042105 0.37873837
1735	-0.26613015 -0.35987893 -0.0977681 0.37592438
1739	-0.30530068 -0.35650644 -0.19221446 0.386011
1748	-0.3421214 -0.30250248 -0.22552435 0.38636512
1751	-0.29316565 -0.35352972 -0.14511703 0.38390163
1754	-0.32326698 -0.3742327 -0.17924233 0.3854875
1758	-0.3200443 -0.34148073 -0.18801923 0.37896445
1764	-0.33745137 -0.32324353 -0.22025673 0.38137916
1766	-0.33348784 -0.3382307 -0.21865252 0.38030905
1769	-0.34470665 -0.33912858 -0.22277936 0.38923076
1773	-0.30040392 -0.3623247 -0.1514001 0.3884371
1775	-0.3617282 -0.30052266 -0.2738088 0.38352758
1777	-0.26930916 -0.33278096 -0.07752838 0.37447324
1778	-0.33630204 -0.35374698 -0.18535274 0.39708447
1780	-0.39127246 -0.28916726 -0.29541615 0.38820046
1783	-0.3105015 -0.332356 -0.17494725 0.3785194
1785	-0.32016438 -0.35413426 -0.17869349 0.38617602
1786	-0.36253077 -0.32709554 -0.25309873 0.38729995
1789	-0.35493898 -0.31613284 -0.25505185 0.38394865
1794	-0.33850065 -0.37133318 -0.19277003 0.38504556
1797	-0.43801248 -0.28504175 -0.34863174 0.40593818
1801	-0.3157257 -0.34321758 -0.19057952 0.37918526
1803	-0.31048658 -0.30280137 -0.15730563 0.36088017
1804	-0.20779456 -0.3976886 0.012240341 0.36514312
1805	-0.36797264 -0.34348214 -0.27445546 0.3915137
1806	-0.21298629 -0.38832706 0.018690206 0.3789792
1809	-0.36158156 -0.32816628 -0.24609901 0.39548218
1812	-0.30601352 -0.38195303 -0.12828846 0.3791806
1815	-0.20133856 -0.40137547 0.07364925 0.3843387
1816	-0.35484004 -0.32883927 -0.23905309 0.39050782
1817	-0.30648085 -0.35546073 -0.17528196 0.37733325
1819	-0.28156757 -0.30813718 -0.15688446 0.38478032
1821	-0.32430685 -0.35414758 -0.2233818 0.37898612
1823	-0.3444645 -0.30436468 -0.23180771 0.38567135
1827	-0.31039482 -0.37908816 -0.17184898 0.39027822
1828	-0.32862926 -0.33879995 -0.21149452 0.3842526
1831	-0.2692479 -0.3481001 -0.12916954 0.37927386
1836	-0.31851968 -0.32612652 -0.1760616 0.38628125
1837	-0.30418566 -0.40728945 -0.14048916 0.39569083
1846	-0.32368743 -0.35325602 -0.17883137 0.38751248
1850	-0.27972913 -0.34560406 -0.1498423 0.37221208
1855	-0.312724 -0.34542736 -0.15136795 0.39115775
1858	-0.34158805 -0.34127837 -0.21947697 0.38693985
1861	-0.32201624 -0.33106068 -0.19603613 0.37829885
1862	-0.29173326 -0.34726408 -0.14234446 0.37750202
1863	-0.31971684 -0.35834014 -0.20028183 0.38767567
1865	-0.37251937 -0.30116218 -0.29804772 0.3805635
1866	-0.3158117 -0.35735697 -0.18190213 0.38368997
1867	-0.29269132 -0.32676286 -0.13225406 0.37259707
1869	-0.26291054 -0.3670788 -0.1021272 0.37433174
1875	-0.30831072 -0.38260052 -0.13005374 0.3805878
1878	-0.29110393 -0.33716574 -0.15822506 0.37505385
1883	-0.30815455 -0.35182163 -0.19375946 0.377699
1884	-0.3466859 -0.36288753 -0.19542243 0.4073262
1888	-0.28962532 -0.38264978 -0.1149813 0.3900045
1894	-0.34133905 -0.34516647 -0.22388981 0.38746133
1903	-0.33406544 -0.34005705 -0.18027104 0.3835662
1905	-0.3182355 -0.37574854 -0.16135906 0.39003915
1910	-0.3275885 -0.37468424 -0.1790388 0.39912617
1912	-0.33564144 -0.35513827 -0.19718565 0.38955575
1916	-0.36023775 -0.36882234 -0.22142473 0.3992713
1919	-0.32927382 -0.32947236 -0.19825865 0.38340157
1925	-0.36585048 -0.33376405 -0.27539524 0.40018684
1929	-0.25750569 -0.3573186 -0.078038104 0.3701308
1930	-0.32527554 -0.3322307 -0.197184 0.38171342
1932	-0.31614935 -0.33764508 -0.16517621 0.3858304
1936	-0.28809652 -0.35431868 -0.113074794 0.37194726
1937	-0.30356485 -0.35879377 -0.13889074 0.3797994
1938	-0.29897106 -0.3306103 -0.13985083 0.3785718
1942	-0.31121653 -0.34248692 -0.18014425 0.3894234
1943	-0.29037836 -0.42534852 -0.08035661 0.39864272
1946	-0.33374417 -0.31583822 -0.2172264 0.3891467
1948	-0.3409686 -0.31605732 -0.23647264 0.3817153
1950	-0.3499088 -0.35572335 -0.2300713 0.38798392
1954	-0.3315087 -0.33558807 -0.2189567 0.38115084
1956	-0.31970036 -0.33054644 -0.20709431 0.37394604
1957	-0.32038185 -0.3904512 -0.10526984 0.39162812
1959	-0.3194194 -0.3184619 -0.22693527 0.37775916
1968	-0.30027896 -0.46123928 -0.09218153 0.40387797
1973	-0.3937406 -0.3151974 -0.29636058 0.3863541
1975	-0.3445082 -0.43273932 -0.14560845 0.40959585
1976	-0.3243765 -0.33433875 -0.18228418 0.36952302
1977	-0.31098917 -0.34418568 -0.1605657 0.37535417
1979	-0.32451496 -0.35810313 -0.1758395 0.38755727
1986	-0.31941566 -0.36685434 -0.17054605 0.3989876
1992	-0.31430998 -0.36104172 -0.17175221 0.383551
1993	-0.3410389 -0.35641375 -0.22437938 0.38679165
1994	-0.29589966 -0.34859186 -0.15089174 0.37203464
1995	-0.28092372 -0.3746247 -0.10384297 0.37949702
1996	-0.43815514 -0.28513962 -0.34926915 0.4064949
1998	-0.27830797 -0.382733 -0.093170226 0.3870435
2002	-0.29201978 -0.35840714 -0.14025104 0.3846718
2008	-0.3294703 -0.31965706 -0.22181073 0.37668812
2009	-0.28521016 -0.38440496 -0.11824752 0.3733495
2011	-0.20526871 -0.37206706 0.0009949957 0.3552177
2012	-0.29794437 -0.34922475 -0.17047165 0.3762993
2013	-0.28588927 -0.3550641 -0.13306476 0.37547442
2016	-0.31825542 -0.35892138 -0.19711955 0.38767868
2019	-0.26206687 -0.4006668 -0.069654234 0.38221592
2020	-0.32039598 -0.33108047 -0.194841 0.3785017
2021	-0.30951923 -0.354469 -0.14267884 0.37562543
2022	-0.33211452 -0.2900286 -0.22051767 0.38258505
2032	-0.34889963 -0.32831913 -0.23134282 0.38545045
2034	-0.32390216 -0.32903153 -0.2120021 0.37690258
2035	-0.3147861 -0.34246904 -0.17873113 0.38848993
2042	-0.29956603 -0.3728258 -0.13931294 0.39194933
2047	-0.32642198 -0.3316951 -0.20420519 0.38175958
2048	-0.28846654 -0.36298412 -0.13687907 0.38126594
2051	-0.35182795 -0.30880487 -0.25287905 0.3798232
2054	-0.34516725 -0.3468927 -0.20551741 0.38298115
2056	-0.34011397 -0.35580626 -0.22011565 0.39176488
2058	-0.31811476 -0.3449023 -0.17939354 0.3802759
2060	-0.36180153 -0.33929318 -0.23477991 0.39583725
2063	-0.3357979 -0.36894596 -0.19327864 0.38468227
2067	-0.3581081 -0.31408495 -0.25342086 0.38841003
2068	-0.39478338 -0.2994284 -0.3168358 0.39070764
2071	-0.3241424 -0.37168628 -0.15960763 0.39353713
2072	-0.32199702 -0.35089794 -0.18858477 0.37970397
2073	-0.36676413 -0.31097978 -0.27494094 0.3907581
2074	-0.3232456 -0.3601303 -0.18200195 0.38765657
2076	-0.33183306 -0.31810647 -0.22641514 0.37983167
2079	-0.36250263 -0.3086481 -0.25428957 0.3870332
2080	-0.2522077 -0.3635411 -0.08737666 0.37174183
2082	-0.2884787 -0.3339173 -0.1613559 0.3773638
2083	-0.27763975 -0.43611252 -0.043802787 0.39962766
2086	-0.2245142 -0.44624034 0.03341244 0.3775931
2096	-0.23808143 -0.44785315 0.029809142 0.3871099
2097	-0.24987762 -0.4584893 0.03420353 0.39685738
2100	-0.22661586 -0.44031364 0.06555526 0.38421732
2101	-0.21987887 -0.4201179 0.07620978 0.38489747
2106	-0.20525254 -0.43199378 0.08049217 0.37969095
2108	-0.18347488 -0.42900026 0.11428425 0.389821
2113	-0.21201454 -0.4595374 0.113112286 0.38754168
2114	-0.20266376 -0.45771822 0.09312199 0.39226606
2116	-0.20014384 -0.45795116 0.099112034 0.39283028
2118	-0.19031975 -0.4709468 0.11905752 0.38609046
2120	-0.20363177 -0.4385701 0.0946301 0.39150006
2121	-0.20968929 -0.4414027 0.09284089 0.3927224
2124	-0.14927235 -0.46472815 0.19462684 0.39343524
2126	-0.113168515 -0.45790774 0.2017031 0.37538344
2127	-0.17476688 -0.44899163 0.13568497 0.38351834
2128	-0.26305157 -0.40129304 -0.023814283 0.38124767
2131	-0.25507176 -0.45350635 0.04915818 0.4005709
2132	-0.19885057 -0.4793221 0.14772692 0.39511147
2134	-0.20162381 -0.47016838 0.09472769 0.39403042
2136	-0.15949647 -0.45732194 0.17030162 0.37809148
2137	-0.22786534 -0.4269182 0.06350764 0.38787812
2144	-0.125296 -0.46453184 0.21761473 0.373719
2146	-0.1922396 -0.44450855 0.101161845 0.3828289
2154	-0.18739636 -0.4612105 0.13653363 0.38303605
2157	-0.21225734 -0.45952055 0.11503824 0.39984107
2159	-0.19684751 -0.45918337 0.11093357 0.3863963
2160	-0.21738021 -0.4762439 0.09622398 0.39532918
2161	-0.1819941 -0.45249167 0.12290606 0.38618347
2162	-0.24330948 -0.4170925 -0.009836594 0.39053303
2167	-0.21478713 -0.4421079 0.0696364 0.38079524
2169	-0.22653294 -0.43472022 0.058680464 0.39307502
2176	-0.21281077 -0.45013422 0.09206867 0.389174
2177	-0.13998319 -0.4904172 0.21191241 0.38687563
2180	-0.16866459 -0.4532434 0.15549052 0.38916913
2181	-0.18253721 -0.43895185 0.10365901 0.37606493
2182	-0.17649552 -0.45389155 0.15870817 0.3894746
2184	-0.1243804 -0.45818415 0.19914582 0.37437192
2191	-0.19002736 -0.41320226 0.08916988 0.37208816
2195	-0.21959276 -0.44314045 0.024087772 0.38414732
2196	-0.25292903 -0.4102772 -0.0067283846 0.38270828
2200	-0.22280453 -0.4244727 0.042068664 0.38394505
2201	-0.12342846 -0.4637137 0.21958598 0.3723408
2202	-0.15458004 -0.4377587 0.16159959 0.38209188
2203	-0.19339567 -0.4595973 0.11296418 0.38381898
2210	-0.19237736 -0.49249405 0.17356741 0.39164662
2213	-0.19242883 -0.4595493 0.12349559 0.3929512
2216	-0.2044624 -0.40220162 0.005942545 0.37168705
2218	-0.17042965 -0.45523044 0.16834635 0.3802976
2227	-0.28086078 -0.4332888 -0.06095054 0.3807069
2231	-0.14407471 -0.46693885 0.18684435 0.38796836
2233	-0.18246439 -0.47113216 0.15261586 0.3859973
2235	-0.26003945 -0.42050904 -0.030980038 0.38545635
2237	-0.19121881 -0.4928752 0.15940356 0.39288977
2246	-0.16831182 -0.4626694 0.16702549 0.39786696
2247	-0.25394857 -0.43482953 -0.009054729 0.38808942
2248	-0.2595068 -0.4529578 0.03689919 0.39025635
2249	-0.20140159 -0.47569975 0.12283146 0.3822877
2250	-0.25285017 -0.4863979 0.06811264 0.39081004
2256	-0.20787469 -0.49784508 0.13496432 0.38746333
2258	-0.22198659 -0.48317182 0.10185116 0.39175284
2265	-0.26764286 -0.46308938 0.03479248 0.38816577
2269	-0.24469852 -0.46766996 0.04785411 0.38744298
2272	-0.2231449 -0.45616847 0.09162854 0.38519737
2273	-0.26782346 -0.46393377 0.01862926 0.38681054
2277	-0.26785383 -0.46736538 0.017553488 0.3900682
2278	-0.25844026 -0.48734936 0.06293883 0.39989787
2279	-0.24882156 -0.47078627 0.062010933 0.39097694
2281	-0.21806295 -0.47350395 0.1057369 0.38854027
2284	-0.24079236 -0.46883792 0.080558494 0.3888426
2285	-0.23708889 -0.4829878 0.08989458 0.39501712
2287	-0.25902185 -0.47028136 0.033732988 0.38787818
2289	-0.24931777 -0.4599045 0.054698333 0.38793945
2295	-0.25997514 -0.46330833 0.046030052 0.39470097
2298	-0.22072864 -0.47257525 0.096757986 0.3882481
2299	-0.24438624 -0.46215186 0.07662133 0.3885509
2300	-0.30497187 -0.41795298 -0.07974687 0.38662818
2302	-0.26738834 -0.45628807 0.019966107 0.3891743
2303	-0.2539225 -0.46397033 0.04385318 0.38791543
2311	-0.24929276 -0.46683377 0.053703528 0.39230385
2314	-0.27359837 -0.4670108 0.019275866 0.39494574
2315	-0.25204608 -0.47760728 0.056972265 0.39861837
2319	-0.273375 -0.44799373 0.0035266746 0.3896963
2321	-0.24274683 -0.48365316 0.08047849 0.39555985
2322	-0.25432009 -0.4691815 0.067943305 0.38802975
2328	-0.24932301 -0.50432944 0.08044137 0.39470693
2331	-0.2616254 -0.46860036 0.03748202 0.39413482
2339	-0.23855594 -0.47577015 0.08132368 0.38805056
2340	-0.26633024 -0.46563917 0.023933042 0.38944662
2341	-0.21488516 -0.48028705 0.11697468 0.3900063
2348	-0.25910148 -0.4667115 0.039020237 0.39043805
2356	-0.28479904 -0.43184453 -0.0202272 0.3904479
2359	-0.27712697 -0.46583572 0.010163373 0.38769624
2361	-0.3107886 -0.43014294 -0.091825195 0.38637316
2362	-0.27654108 -0.44197953 -0.0011941962 0.37992918
2363	-0.25244504 -0.47875834 0.063728355 0.39072913
2376	-0.24991226 -0.45938942 0.05570434 0.3906144
2378	-0.29983756 -0.43812588 -0.04458275 0.39650938
2379	-0.2919755 -0.45945892 -0.041812304 0.38871285
2380	-0.21439251 -0.48715723 0.11532149 0.38321254
2381	-0.2714466 -0.44129363 -0.015180428 0.3877548
2382	-0.28054926 -0.47409073 0.0007917317 0.38777012
2383	-0.25811046 -0.45632455 0.033042427 0.38770565
2386	-0.24080932 -0.4684725 0.07905105 0.38931954
2396	-0.29941624 -0.43839857 -0.030995773 0.39095697
2398	-0.33268505 -0.39608294 -0.12806064 0.38305372
2400	-0.28795162 -0.45969668 -0.009959604 0.40147567
2406	-0.28820446 -0.43627405 -0.017515764 0.38429463
2407	-0.26430446 -0.4672508 0.028654067 0.38928613
2408	-0.2479661 -0.48409563 0.07165461 0.38695017
2410	-0.25404254 -0.46255437 0.046975367 0.39061004
2413	-0.21604571 -0.503321 0.124962576 0.39021975
2414	-0.27968204 -0.4564176 0.01638949 0.39046383
2415	-0.27753174 -0.44196156 0.0090053845 0.3898593
2416	-0.2656539 -0.47355515 0.022043634 0.39355683
2417	-0.24468413 -0.47185665 0.06225484 0.38956922
2418	-0.24309519 -0.48030567 0.07154488 0.38786203
2422	-0.2614958 -0.4474175 0.022934973 0.38224912
2424	-0.23648517 -0.47569457 0.07573622 0.3903812
2430	-0.24483392 -0.4589119 0.054373417 0.3889423
2431	-0.2617122 -0.4696167 0.039112166 0.3927505
2433	-0.2427714 -0.45647407 0.05915131 0.3853468
2434	-0.24309134 -0.47962806 0.086930916 0.3946848
2436	-0.23036255 -0.47911772 0.086415544 0.3889554
2440	-0.25213143 -0.46610966 0.06733144 0.38766292
2441	-0.23914586 -0.46943387 0.09066969 0.38960075
2446	-0.23281123 -0.4637058 0.067754626 0.3855057
2448	-0.29352894 -0.46575955 -0.0136222225 0.40092587
2449	-0.28242943 -0.4644223 0.006522285 0.39226106
2454	-0.26659644 -0.46383598 0.017917734 0.3855205
2455	-0.2993045 -0.4311724 -0.06046939 0.38667512
2462	-0.24072267 -0.46877864 0.07928874 0.38983464
2464	-0.27294895 -0.46693844 0.014180839 0.39174336
2467	-0.25996315 -0.48573327 0.0723695 0.4019928
2469	-0.27871302 -0.47249472 0.023013188 0.397206
2470	-0.22180933 -0.46598434 0.09033568 0.38245147
2472	-0.29436895 -0.4541998 -0.046848245 0.38982317
2476	-0.26834804 -0.45010424 0.018707111 0.38688827
2484	-0.24879012 -0.45941743 0.05339705 0.38759848
2485	-0.25919643 -0.45591745 0.035893384 0.39179498
2486	-0.1992408 -0.46791175 0.11612057 0.3807726
2489	-0.27749264 -0.47417635 0.032483563 0.39636725
2492	-0.24007247 -0.4656858 0.08038841 0.39079377
2498	-0.26115233 -0.45079052 0.032282673 0.3892858
2499	-0.25073856 -0.46693707 0.06090899 0.38762078
2501	-0.28045893 -0.4425258 -0.042368762 0.38445207
2504	-0.24645762 -0.4661227 0.0518852 0.3883725
2513	-0.3031072 -0.4480208 -0.053768422 0.39445356
2520	-0.23156753 -0.49413714 0.104186125 0.39442438
2524	-0.29312137 -0.4573523 -0.047858935 0.3885193
2525	-0.2524909 -0.48295718 0.059195656 0.3989243
2528	-0.26752967 -0.47575438 0.04653862 0.39388403
2530	-0.26547292 -0.45148703 0.019130128 0.39322832
2533	-0.2739522 -0.4327654 -0.031882472 0.37999183
2535	-0.27098793 -0.45456252 0.009044238 0.38906085
2537	-0.24885863 -0.45187554 0.059274003 0.38235316
2538	-0.23600832 -0.4836879 0.09361758 0.39550105
2542	-0.30068168 -0.44644868 -0.0314515 0.3934632
2544	-0.27535737 -0.4304779 -0.006863047 0.3871409
2546	-0.22831683 -0.47116756 0.09121285 0.3934321
2548	-0.2492018 -0.47156304 0.06488466 0.39302796
2552	-0.25028965 -0.4639769 0.06937112 0.38980094
2556	-0.24847054 -0.46494085 0.045034785 0.38801754
2558	-0.23211536 -0.4838449 0.104690075 0.3895362
2566	-0.26100865 -0.45574793 0.03024606 0.38823226
2569	-0.30830285 -0.43215126 -0.06272448 0.3905927
2572	-0.26377586 -0.4534916 0.0075951912 0.38902634
2574	-0.25367478 -0.46873936 0.053170696 0.39241284
2579	-0.25325483 -0.4804817 0.044939544 0.39039257
2580	-0.27275723 -0.46943137 0.021274202 0.39075446
2581	-0.26778114 -0.46537283 0.025002282 0.3902815
2591	-0.2452804 -0.46211344 0.072205715 0.3878447
2592	-0.22864354 -0.48790112 0.09200187 0.3928336
2596	-0.28110337 -0.4754222 0.015419548 0.3992719
2600	-0.26192626 -0.47118664 0.031804007 0.39392835
2602	-0.26443428 -0.4692132 0.03336853 0.39234674
2605	-0.2817157 -0.45561835 0.007459937 0.39446735
2609	-0.28032795 -0.46595076 -0.017872088 0.38681036
2610	-0.23919442 -0.47843564 0.0825616 0.38984123
2615	-0.2152924 -0.46346006 0.10548535 0.38761353
2617	-0.25396606 -0.48347342 0.059966598 0.39129582
2619	-0.24140958 -0.47831622 0.0700327 0.38574407
2625	-0.25907812 -0.45954743 0.04202129 0.38885587
2628	-0.2743067 -0.46057343 0.0042876573 0.39281556
2636	-0.2284016 -0.47686973 0.08493441 0.38832843
2640	-0.25140008 -0.46609965 0.048797145 0.38836187
2643	-0.26608497 -0.47015652 0.032352682 0.38722187
2644	-0.2553946 -0.46882513 0.040788338 0.38747716
2645	-0.2563486 -0.4457737 0.039613105 0.38304025
2649	-0.25424463 -0.47899467 0.05769498 0.39918053
2653	-0.22386572 -0.47216985 0.095573924 0.38909435
2655	-0.23475492 -0.4568093 0.06861784 0.38797513
2664	-0.23937503 -0.47242564 0.07615079 0.38700524
2668	-0.20194753 -0.47606882 0.12916128 0.38097087
2673	-0.23864649 -0.47313687 0.082189806 0.39106235
2675	-0.24976392 -0.4573109 0.043463945 0.3920725
2677	-0.2687336 -0.47097546 0.018885553 0.3964865
2678	-0.24991265 -0.4774909 0.05903357 0.38535073
2686	-0.22962506 -0.47709966 0.07944416 0.38517663
2689	-0.2519644 -0.47557795 0.050168853 0.39268127
2690	-0.24682252 -0.4646438 0.066685356 0.389979
2691	-0.18821512 -0.4967329 0.13555357 0.3843982
2692	-0.22347571 -0.47016862 0.09118611 0.3887948
2693	-0.26632747 -0.45541966 0.004821199 0.39002216
2698	-0.24095616 -0.48367468 0.08541155 0.39266065
2699	-0.289781 -0.4374041 -0.027098386 0.39345583
2704	-0.23954862 -0.45574158 0.051748745 0.39135972
2706	-0.2855743 -0.4321487 -0.019287577 0.38952664
2710	-0.25575873 -0.47763553 0.05227598 0.39748055
2712	-0.29048622 -0.47756287 -0.003450385 0.39997417
2720	-0.18970813 -0.4840291 0.13536814 0.38241237
2722	-0.31266788 -0.45268285 -0.054776676 0.39374018
2723	-0.23011272 -0.4869349 0.102469645 0.3877472
2725	-0.3039136 -0.44320726 -0.06815219 0.38517854
2727	-0.2351855 -0.48431855 0.09764877 0.38442007
2728	-0.22552793 -0.46711963 0.0950409 0.3910915
2737	-0.24838011 -0.47544098 0.05574301 0.39078057
2740	-0.26508707 -0.4860508 0.046451725 0.39748254
2742	-0.24115983 -0.48131263 0.087588154 0.3916035
2745	-0.2765979 -0.43711987 -0.014819114 0.38779253
2747	-0.24559264 -0.45705253 0.054693203 0.39328578
2749	-0.30765292 -0.46813557 -0.05311859 0.38590845
2750	-0.24984042 -0.4582006 0.051817197 0.39439285
2753	-0.19898543 -0.48837084 0.13423373 0.38564405
2754	-0.2645703 -0.44007623 0.0211261 0.3865856
2755	-0.2733653 -0.45362464 -0.0021046796 0.3818201
2759	-0.22513902 -0.47321084 0.09201846 0.38947573
2770	-0.2584625 -0.45680127 0.009990573 0.38476855
2773	-0.27036577 -0.44446248 0.007602367 0.3875024
2775	-0.2517711 -0.47033277 0.05004334 0.3940427
2778	-0.26881695 -0.4584378 0.009302508 0.3963191
2781	-0.2360174 -0.48168287 0.08954403 0.38781103
2782	-0.2551181 -0.47281992 0.0682356 0.39037424
2786	-0.25902134 -0.45975694 0.043240532 0.3870514
2794	-0.26846084 -0.46687502 0.022699349 0.3910659
2804	-0.23870783 -0.4549899 0.072681144 0.38713488
2805	-0.24782306 -0.46273005 0.060725544 0.3888329
2809	-0.2935514 -0.43532386 -0.041120578 0.39183605
2812	-0.21419129 -0.47405246 0.106023714 0.3797417
2815	-0.2400941 -0.46534875 0.07008422 0.3861646
2817	-0.2084588 -0.484464 0.11734193 0.38719332
2821	-0.29836679 -0.44868007 -0.02544266 0.39488328
2826	-0.24139862 -0.4763694 0.0700443 0.39678288
2827	-0.23679279 -0.47311354 0.098134175 0.3912505
2830	-0.33149004 -0.4069384 -0.115531586 0.38895068
2832	-0.2679885 -0.4562287 0.019579606 0.39587912
2833	-0.24154016 -0.46234974 0.0629749 0.384607
2844	-0.26461682 -0.47184852 0.039730325 0.38606665
2846	-0.20105329 -0.48110858 0.13755128 0.39262244
2847	-0.25269577 -0.45980015 0.047347017 0.38734627
2850	-0.24176334 -0.46847144 0.06845586 0.389568
2851	-0.23779596 -0.4861278 0.101790145 0.3946444
2852	-0.2376723 -0.4554927 0.05156128 0.38362274
2855	-0.24532199 -0.44892 0.036936067 0.3826013
2856	-0.25461006 -0.46796224 0.067872 0.38972393
2860	-0.2449162 -0.47064364 0.05376632 0.38961878
2861	-0.21352799 -0.4798202 0.1213465 0.39224386
2863	-0.23124391 -0.47156477 0.078716934 0.39209965
2866	-0.23548733 -0.45821387 0.0646272 0.38311657
2868	-0.30364433 -0.45375958 -0.038288362 0.39382142
2869	-0.26516807 -0.47474697 0.027992379 0.39363787
2870	-0.27518606 -0.45809048 0.008477478 0.3889834
2873	-0.23126559 -0.4752433 0.08673164 0.3873828
2883	-0.2800877 -0.4427067 -0.00961081 0.39169994
2884	-0.22925557 -0.46204004 0.08446074 0.39122224
2891	-0.24105333 -0.46478924 0.065144464 0.37892857
2898	-0.26814637 -0.44756815 0.01644727 0.39125705
2900	-0.23868784 -0.46695137 0.06817894 0.39330596
2902	-0.2246053 -0.4730272 0.094520204 0.3889988
2905	-0.213245 -0.47375414 0.1176536 0.39250413
2909	-0.21969913 -0.4721552 0.0966575 0.38710773
2915	-0.27613524 -0.4430102 -0.010444704 0.38905254
2918	-0.27072927 -0.4568623 0.014288 0.3889177
2919	-0.26019332 -0.48088196 0.048922192 0.3894004
2922	-0.23395249 -0.45511034 0.05492266 0.37899604
2923	-0.22198959 -0.4648088 0.10465286 0.38804144
2924	-0.23617019 -0.4601071 0.08481323 0.3869208
2925	-0.23925927 -0.46141246 0.063429445 0.38849244
2935	-0.27003497 -0.44954124 0.01619888 0.39253
2936	-0.23084348 -0.4791475 0.09804337 0.38945705
2940	-0.22618736 -0.47171322 0.0907675 0.39349955
2942	-0.25118867 -0.47818065 0.05223138 0.39343762
2943	-0.26650178 -0.46026668 0.030814948 0.38705277
2947	-0.29699582 -0.43552852 -0.04878728 0.39106202
2950	-0.32789764 -0.3969842 -0.10967812 0.3868766
2953	-0.28163207 -0.46526998 0.012486055 0.39074242
2956	-0.2222838 -0.455578 0.088030554 0.3851124
2957	-0.25947005 -0.47906294 0.048050195 0.38957536
2960	-0.22845246 -0.44885015 0.07390765 0.38638186
2964	-0.2660385 -0.46862885 0.029681237 0.39238745
2965	-0.2667717 -0.44764778 0.017883273 0.38810822
2969	-0.2341136 -0.45495376 0.056148153 0.38161168
2979	-0.2570104 -0.46310392 0.045978323 0.3912857
2980	-0.25124583 -0.4788978 0.046280455 0.39363584
2981	-0.24659142 -0.4723823 0.053425245 0.38911796
2985	-0.2842316 -0.4522617 -0.015584345 0.3874819
2987	-0.30611587 -0.42216748 -0.080324225 0.3927047
2992	-0.2524502 -0.44706187 0.052472275 0.38819623
2996	-0.29335794 -0.43882686 -0.0358909 0.3934248
3000	-0.258832 -0.461479 0.035023123 0.38976258
3001	-0.2925619 -0.43350294 -0.029559264 0.38657674
3002	-0.25290558 -0.46657184 0.036459163 0.38981217
3005	-0.19678862 -0.4785194 0.123529024 0.37847498
3013	-0.24601628 -0.47812662 0.062157154 0.38543347
3014	-0.2714432 -0.46821415 0.032096248 0.39643657
3018	-0.26243636 -0.4838603 0.05449861 0.39699787
3020	-0.2532518 -0.4404093 0.03332838 0.38332272
3023	-0.26942384 -0.45877218 0.04191373 0.3932159
3034	-0.25708982 -0.46456394 0.038298327 0.3896081
3035	-0.2212902 -0.47842136 0.11307664 0.38748765
3036	-0.2668603 -0.47274837 0.016580278 0.39120317
3037	-0.25811931 -0.4587761 0.037821718 0.39543653
3039	-0.21893924 -0.434318 0.05982062 0.38353276
3041	-0.2771292 -0.38968432 -0.06677159 0.3946338
3044	-0.19704403 -0.48919445 0.15195258 0.40484685
3064	-0.2511391 -0.45912364 0.021364773 0.39602682
3068	-0.25123087 -0.43073148 0.0021963678 0.388893
3071	-0.24738087 -0.47671598 0.06785313 0.39371386
3074	-0.19728217 -0.43939942 0.11771273 0.37966183
3076	-0.21663596 -0.4389134 0.07592715 0.38428342
3077	-0.12903127 -0.4632423 0.2229998 0.38330913
3078	-0.19873385 -0.45852014 0.12786254 0.3929422
3081	-0.23921973 -0.42643052 0.042631447 0.38593408
3082	-0.1529779 -0.48059747 0.18158603 0.38418114
3084	-0.27338412 -0.41134232 -0.043101635 0.3944983
3085	-0.23513174 -0.4600026 0.06419558 0.3933191
3087	-0.24624223 -0.44466218 0.018166175 0.39219996
3090	-0.20431222 -0.43907633 0.07596422 0.38296512
3096	-0.23864198 -0.4367932 0.032091122 0.3833664
3097	-0.23385468 -0.42221454 0.02824737 0.38095614
3106	-0.22793992 -0.41894138 0.074149914 0.39593893
3107	-0.21231131 -0.45385218 0.07302122 0.37848085
3112	-0.28147468 -0.40456575 -0.06426144 0.38978833
3114	-0.23032239 -0.438812 0.025427932 0.38688186
3119	-0.17594562 -0.44959915 0.15032615 0.384338
3120	-0.23837106 -0.44468424 0.051349506 0.38724414
3121	-0.160587 -0.45707962 0.17105965 0.3863727
3123	-0.21449333 -0.4909524 0.10372394 0.38962
3124	-0.24630126 -0.44608355 0.034667216 0.39382574
3125	-0.17253298 -0.4430405 0.12251981 0.37443432
3127	-0.23875973 -0.46315598 0.07016555 0.3981041
3128	-0.2208362 -0.42999524 0.04930862 0.38239577
3134	-0.34484795 -0.40887362 -0.2131821 0.40805173
3138	-0.39839518 -0.28844246 -0.30532044 0.39780992
3141	-0.38155156 -0.3252018 -0.25985023 0.39470482
3142	-0.30980593 -0.34294304 -0.1722881 0.3777712
3145	-0.21033798 -0.45596474 0.09270801 0.38797563
3147	-0.2721461 -0.42314005 -0.043112233 0.3904138
3148	-0.24157323 -0.4058523 -0.0040742634 0.38286754
3149	-0.25482053 -0.47222668 0.019212065 0.39802134
3155	-0.3342891 -0.39833686 -0.18933558 0.3973283
3157	-0.38144574 -0.35765347 -0.25082743 0.4072791
3159	-0.35938138 -0.3738189 -0.24580288 0.39492866
3160	-0.35454163 -0.39339536 -0.22805224 0.39730802
3161	-0.34323236 -0.3852936 -0.1816053 0.40256774
3163	-0.32288408 -0.4508077 -0.11698487 0.41035947
3164	-0.28702593 -0.40433437 -0.07241915 0.39164037
3166	-0.34536588 -0.3438839 -0.2130443 0.38812932
3167	-0.3251821 -0.36241785 -0.18431805 0.38722953
3169	-0.31673646 -0.3893283 -0.13966672 0.39412212
3173	-0.33099884 -0.39244267 -0.16353683 0.40040305
3177	-0.32332018 -0.43471125 -0.113188915 0.40333968
3181	-0.26852018 -0.4281968 0.011025322 0.40141934
3182	-0.27270508 -0.42526737 -0.065865256 0.39331928
3188	-0.32194087 -0.41105863 -0.11707648 0.40098843
3189	-0.3160108 -0.40389732 -0.1409667 0.3954166
3190	-0.37016279 -0.37719446 -0.24493226 0.40074253
3191	-0.24737696 -0.4041549 -0.019819869 0.38532367
3192	-0.3234326 -0.37299734 -0.15619367 0.39149997
3194	-0.26770967 -0.41472405 -0.061829012 0.40221608
3195	-0.33543864 -0.45111418 -0.17746212 0.40737262
3196	-0.31911927 -0.42398775 -0.105208434 0.3905088
3204	-0.21272321 -0.4331681 0.066450916 0.38492063
3212	-0.3149429 -0.3895795 -0.15604822 0.39439663
3221	-0.31136984 -0.38244143 -0.13811207 0.3886983
3224	-0.2854534 -0.31852257 -0.11159689 0.3600595
3229	-0.37333426 -0.344171 -0.27126014 0.38869348
3231	-0.34782806 -0.39250496 -0.18174346 0.397911
3234	-0.30710903 -0.3685514 -0.12759428 0.39525673
3242	-0.4058317 -0.33566025 -0.2825571 0.39668885
3247	-0.32347518 -0.38298917 -0.14462584 0.38384318
3250	-0.30468908 -0.4665546 -0.09239735 0.41730863
3251	-0.36597106 -0.3459914 -0.25745797 0.39209569
3252	-0.27253607 -0.40528557 -0.102052756 0.38465148
3254	-0.30898094 -0.40360442 -0.14768465 0.39450806
3256	-0.28664705 -0.47065362 -0.020337699 0.3959007
3258	-0.27789924 -0.43293008 -0.039081383 0.39016727
3267	-0.30648288 -0.3590186 -0.16918446 0.37807882
3269	-0.31787798 -0.39987752 -0.1324643 0.39696452
3271	-0.3472762 -0.33800325 -0.21098661 0.38967556
3272	-0.21055464 -0.4516823 0.09546594 0.38889763
3273	-0.26981103 -0.4422899 -0.037390817 0.39190418
3274	-0.38335893 -0.3294928 -0.27571958 0.3936905
3275	-0.26127884 -0.43136102 0.0277325 0.39437318
3276	-0.30891043 -0.44921517 -0.07745813 0.41349387
3277	-0.28906593 -0.3913307 -0.11429949 0.37620488
3279	-0.35803115 -0.39355928 -0.18252471 0.40605792
3280	-0.29798156 -0.38826218 -0.1363233 0.3974282
3281	-0.29155463 -0.41650447 -0.07675957 0.39321372
3283	-0.3662126 -0.34628192 -0.2527056 0.3909665
3285	-0.34477505 -0.38120112 -0.1977888 0.38957188
3289	-0.32316184 -0.38571253 -0.13918398 0.38472417
3290	-0.30427954 -0.41692585 -0.08903351 0.39425698
3291	-0.30179644 -0.44707498 -0.07256629 0.40388703
3293	-0.27960497 -0.4636993 0.0018439651 0.39932212
3296	-0.296496 -0.38398206 -0.13418736 0.39086133
3297	-0.26783544 -0.38970798 -0.06275925 0.37090555
3300	-0.31403333 -0.47893524 -0.07957937 0.42489392
3301	-0.27066427 -0.43282726 -0.038268127 0.397053
3302	-0.32072753 -0.34676695 -0.18771665 0.38032806
3306	-0.30539677 -0.46186948 -0.10077253 0.40264612
3308	-0.31104496 -0.38169658 -0.16196893 0.3856931
3309	-0.38683084 -0.35635033 -0.27410957 0.4034892
3317	-0.32036555 -0.39893004 -0.16347961 0.39590645
3321	-0.28344265 -0.42216766 -0.09871441 0.38931736
3322	-0.22879939 -0.4295599 0.04125591 0.3874198
3327	-0.25604144 -0.44047937 0.018519826 0.39721447
3328	-0.26304 -0.4263755 -0.026569763 0.3901741
3335	-0.3328295 -0.41318324 -0.20157702 0.40397492
3336	-0.31257185 -0.45546412 -0.10775477 0.4142861
3337	-0.29290497 -0.44250482 -0.05973923 0.41296902
3338	-0.35124114 -0.36638695 -0.23045686 0.3979322
3339	-0.3495105 -0.3579282 -0.22266982 0.3881028
3341	-0.313873 -0.42441902 -0.09214093 0.4012472
3345	-0.29149324 -0.44125912 -0.07925273 0.39577273
3346	-0.29685557 -0.4704589 -0.054299515 0.40690652
3348	-0.35317594 -0.4639097 -0.14704038 0.41737726
3358	-0.33702248 -0.35803884 -0.21015215 0.39443803
3360	-0.3431601 -0.37715763 -0.20059001 0.39381924
3369	-0.21483225 -0.43600523 0.07517417 0.39140654
3371	-0.33119375 -0.3671425 -0.17224076 0.3906065
3373	-0.3557884 -0.39194065 -0.20904364 0.40255663
3376	-0.28709415 -0.43648332 -0.049327757 0.39309412
3385	-0.30371398 -0.40461266 -0.12069662 0.39561662
3388	-0.36822745 -0.38904187 -0.22055389 0.40069342
3389	-0.26427463 -0.41359103 -0.053458057 0.38829103
3390	-0.2661138 -0.42330876 -0.03607383 0.39430112
3395	-0.32606414 -0.39390254 -0.18983375 0.39425665
3397	-0.32496494 -0.45770067 -0.13248494 0.4092177
3402	-0.32816705 -0.46030977 -0.09205429 0.41789588
3404	-0.27222833 -0.42360017 -0.05267332 0.38309702
3405	-0.31749454 -0.3932603 -0.13459301 0.38857886
3409	-0.27014214 -0.4097503 -0.091046385 0.40133387
3411	-0.31785524 -0.39479655 -0.14039192 0.40202406
3423	-0.25265402 -0.46029153 0.026522456 0.39798298
3433	-0.2584705 -0.43877542 -0.025190724 0.3952218
3434	-0.37245223 -0.39109826 -0.24290593 0.39759424
3440	-0.34019986 -0.4299288 -0.17368802 0.41711694
3442	-0.27781677 -0.4149367 -0.02345391 0.39764392
3443	-0.33667532 -0.40723598 -0.18281433 0.40180618
3444	-0.32384095 -0.38929543 -0.1557506 0.39534667
3446	-0.30829662 -0.4001214 -0.13555647 0.3915055
3459	-0.31449723 -0.42968738 -0.12903364 0.40370792
3461	-0.3267687 -0.40820706 -0.14461273 0.39793074
3462	-0.2602321 -0.4347435 -0.024257803 0.3922645
3466	-0.31323898 -0.41908357 -0.13498947 0.40373486
3469	-0.34393802 -0.39855602 -0.17257354 0.39974862
3472	-0.25561595 -0.44788885 -0.04546183 0.39195678
3473	-0.25270778 -0.40407097 -0.03720267 0.38752303
3474	-0.3264583 -0.4331409 -0.14352497 0.41334614
3477	-0.29434663 -0.44508147 -0.109159485 0.39676273
3480	-0.37226152 -0.36944294 -0.25059614 0.39943436
3483	-0.2781755 -0.44564557 -0.03881762 0.40225622
3486	-0.30928084 -0.38376594 -0.1925895 0.39483202
3488	-0.30536687 -0.42860004 -0.07518438 0.40087855
3490	-0.28198114 -0.41883248 -0.054824457 0.3892607
3491	-0.34005985 -0.4177153 -0.16019993 0.408973
3494	-0.349077 -0.4212394 -0.18830886 0.40850833
3495	-0.3023325 -0.4218844 -0.08040303 0.39727297
3501	-0.35866222 -0.38940534 -0.2084595 0.40325055
3502	-0.34330675 -0.39306983 -0.18988504 0.405708
3508	-0.29196194 -0.38787535 -0.07709043 0.39068875
3518	-0.2267201 -0.4256343 0.036536112 0.38484707
3523	-0.3078577 -0.3871193 -0.12776963 0.39165393
3524	-0.3091641 -0.4107446 -0.13414 0.38954148
3525	-0.32529584 -0.40680388 -0.14776221 0.4030291
3528	-0.3311177 -0.39739412 -0.1572249 0.4021633
3529	-0.32376128 -0.45491222 -0.13999473 0.40788555
3532	-0.37146378 -0.3731121 -0.23414858 0.40228423
3534	-0.2964808 -0.3976067 -0.13372777 0.39144558
3535	-0.32585916 -0.41368484 -0.15056302 0.39891282
3539	-0.4161073 -0.35536507 -0.30889922 0.421502
3543	-0.32025084 -0.4056414 -0.12454036 0.40033737
3546	-0.2927709 -0.3820445 -0.094656035 0.38131216
3554	-0.30837134 -0.38869613 -0.14621595 0.3904093
3556	-0.30501994 -0.39501563 -0.15468854 0.38777244
3558	-0.3078062 -0.4065443 -0.13290411 0.39461285
3560	-0.3435517 -0.35458958 -0.21544519 0.3879987
3562	-0.30921844 -0.35557318 -0.13935235 0.37666613
3566	-0.28847495 -0.44621852 -0.04831028 0.40375274
3567	-0.25712433 -0.42606014 -0.013835248 0.3900031
3570	-0.34577605 -0.39362052 -0.1865172 0.40468234
3573	-0.31488657 -0.35423854 -0.15660241 0.3828258
3578	-0.35119098 -0.38585708 -0.19614962 0.40146977
3582	-0.3289317 -0.38131192 -0.17925175 0.38060784
3588	-0.2546611 -0.46421468 0.015628347 0.39124674
3592	-0.32858256 -0.41464385 -0.16452734 0.39762947
3598	-0.25670612 -0.39312312 -0.08583865 0.37549534
3599	-0.3513669 -0.35250175 -0.2191372 0.39153835
3607	-0.24505262 -0.43695402 0.010658229 0.38567513
3610	-0.26093948 -0.43263957 -0.033805903 0.3819425
3611	-0.2608649 -0.4332185 -0.06593236 0.3887317
3612	-0.28447717 -0.394457 -0.12775968 0.39136288
3613	-0.32270843 -0.4067831 -0.12529142 0.40092215
3614	-0.2808449 -0.4367521 -0.04287725 0.40404734
3615	-0.21296592 -0.444769 0.06155712 0.38738817
3621	-0.32307988 -0.39745417 -0.16221517 0.39365143
3627	-0.30545574 -0.37502837 -0.13354434 0.38704526
3628	-0.33932465 -0.4357199 -0.1772481 0.41477433
3631	-0.3172786 -0.3780125 -0.159809 0.38858616
3638	-0.33897075 -0.40394107 -0.2005575 0.39283922
3639	-0.36839205 -0.3677215 -0.2235114 0.4052147
3642	-0.3062453 -0.39378828 -0.13103424 0.39126104
3643	-0.2960898 -0.433985 -0.07080857 0.39540812
3644	-0.34671098 -0.42264253 -0.1665816 0.4295634
3647	-0.273987 -0.47926286 -0.021140283 0.40414393
3648	-0.29506996 -0.4367382 -0.07380581 0.40725464
3649	-0.3858652 -0.3091179 -0.2855391 0.3873176
3650	-0.3219312 -0.36647543 -0.1522492 0.38780394
3653	-0.32355234 -0.43112877 -0.1454715 0.4002601
3658	-0.30549207 -0.37781045 -0.13473362 0.39263123
3660	-0.37267965 -0.3787079 -0.23496825 0.40166616
3661	-0.31687346 -0.41841272 -0.14082778 0.3918669
3663	-0.33665335 -0.3862139 -0.19031698 0.40031773
3666	-0.3211894 -0.39460057 -0.15848221 0.39947534
3667	-0.3121023 -0.43981 -0.09346424 0.40081784
3669	-0.32741272 -0.38751143 -0.16166781 0.3920218
3670	-0.36729756 -0.38026544 -0.233738 0.39760286
3674	-0.31834975 -0.38993153 -0.17254482 0.38819075
3680	-0.38060567 -0.35820043 -0.2514353 0.4086201
3682	-0.3475366 -0.40351883 -0.18784049 0.4014259
3683	-0.320086 -0.40547472 -0.15450388 0.4006683
3684	-0.34183195 -0.42629364 -0.14027189 0.40697968
3688	-0.3306837 -0.4021609 -0.15072346 0.40344095
3690	-0.32040557 -0.43348613 -0.11525022 0.4025353
3691	-0.30716735 -0.4085752 -0.09402661 0.39760965
3701	-0.31354335 -0.3787273 -0.15257496 0.39340547
3707	-0.30896753 -0.4203526 -0.11919602 0.3923127
3711	-0.31188393 -0.4514492 -0.07987568 0.39686006
3713	-0.3251814 -0.39488527 -0.13622333 0.3980138
3714	-0.31849024 -0.38776278 -0.16292094 0.3943018
3715	-0.22816984 -0.43328115 0.008448685 0.38488695
3717	-0.35347402 -0.379915 -0.19815281 0.3913227
3718	-0.33243167 -0.38708615 -0.16477667 0.3925488
3720	-0.2962361 -0.44567356 -0.08915578 0.39963773
3721	-0.3487051 -0.39059272 -0.18751441 0.39737922
3724	-0.29847682 -0.34520566 -0.13860463 0.38140565
3725	-0.34738088 -0.39067402 -0.19916783 0.39724073
3726	-0.3126085 -0.3934065 -0.15717633 0.397304
3732	-0.3257007 -0.42118582 -0.13759151 0.41186726
3736	-0.2797555 -0.41546318 -0.058339886 0.39367747
3739	-0.31460086 -0.38648745 -0.15367985 0.39379242
3746	-0.34451953 -0.39004147 -0.18940865 0.39615467
3748	-0.28444436 -0.43757564 -0.061624702 0.39784864
3749	-0.2943112 -0.40430638 -0.11877638 0.38721788
3750	-0.30301282 -0.402622 -0.13916416 0.39361835
3753	-0.3099849 -0.40268978 -0.13269064 0.3956155
3755	-0.313989 -0.4054461 -0.1440828 0.3966304
3757	-0.30135143 -0.40365708 -0.12766656 0.39188555
3759	-0.28271854 -0.38070634 -0.08803559 0.37425303
3761	-0.2970656 -0.40451837 -0.10399102 0.39722136
3764	-0.28482187 -0.38301528 -0.11736364 0.37615624
3766	-0.32424715 -0.4137171 -0.12944691 0.40642193
3768	-0.31896192 -0.36409354 -0.19191767 0.38811895
3772	-0.29146343 -0.3843279 -0.110507295 0.38709474
3773	-0.3423738 -0.35102293 -0.21908706 0.38905263
3776	-0.30216148 -0.44135836 -0.082701 0.4014624
3778	-0.30852723 -0.40845463 -0.12233832 0.39889783
3779	-0.38691112 -0.3860546 -0.2656275 0.4003914
3787	-0.32135183 -0.3493428 -0.18802378 0.3852203
3788	-0.23267554 -0.44341204 0.07264205 0.40443927
3789	-0.33658805 -0.3744443 -0.21223335 0.4007736
3790	-0.30414507 -0.3783352 -0.13685827 0.3875218
3792	-0.3717792 -0.3487375 -0.26974058 0.39066
3794	-0.30129316 -0.45625168 -0.12451591 0.42341763
3797	-0.2931356 -0.41343978 -0.12307714 0.38529378
3806	-0.27663726 -0.36952537 -0.1311 0.37795758
3807	-0.19328745 -0.45546106 0.12852983 0.39121777
3810	-0.3299131 -0.40089113 -0.1421816 0.40476555
3811	-0.306861 -0.39508647 -0.1464306 0.38588396
3813	-0.2728524 -0.38377413 -0.028538134 0.37995523
3815	-0.3029287 -0.3847195 -0.116460025 0.39019424
3819	-0.35205758 -0.3782914 -0.21528119 0.39564708
3820	-0.3404546 -0.37422022 -0.21862768 0.3937926
3827	-0.31105816 -0.3707678 -0.14384791 0.39113572
3828	-0.33460832 -0.34740832 -0.21839859 0.39482123
3831	-0.29817268 -0.39423153 -0.108513586 0.39175698
3834	-0.3497332 -0.3121164 -0.2617776 0.3769407
3848	-0.34750044 -0.3514563 -0.25203198 0.38878444
3849	-0.34642553 -0.35017586 -0.25354517 0.38810858
3853	-0.34333336 -0.38523105 -0.19568658 0.3938288
3857	-0.35341004 -0.3781479 -0.21920413 0.39563867
3859	-0.30694994 -0.41134477 -0.095228404 0.39606115
3861	-0.31382364 -0.44131774 -0.120898284 0.4036498
3863	-0.3415327 -0.35196972 -0.21646692 0.3870625
3864	-0.30848005 -0.409351 -0.116686255 0.39620337
3866	-0.2856506 -0.38514358 -0.11849703 0.3886418
3867	-0.33643255 -0.34270743 -0.22364171 0.38789287
3868	-0.30759007 -0.4080335 -0.11866255 0.40007105
3869	-0.32295328 -0.46344042 -0.12379218 0.41586038
3875	-0.32411733 -0.3456046 -0.18890841 0.3832892
3876	-0.31575245 -0.39190114 -0.12501293 0.38533524
3894	-0.3128332 -0.3577311 -0.16948223 0.38071376
3897	-0.34732708 -0.2989662 -0.25353667 0.3761934
3900	-0.25264835 -0.4117792 -0.021524092 0.39171842
3904	-0.34041396 -0.4457843 -0.1817194 0.39379492
3906	-0.38156214 -0.34274638 -0.26801002 0.40884772
3918	-0.29172513 -0.41561565 -0.11331674 0.39568472
3919	-0.36055508 -0.38943598 -0.22495069 0.40685093
3923	-0.31361437 -0.3460223 -0.18258464 0.37759706
3928	-0.33920044 -0.3444402 -0.22874574 0.3953069
3930	-0.352286 -0.38544923 -0.22477958 0.40376633
3931	-0.30218765 -0.4132205 -0.10458523 0.40850207
3932	-0.3926046 -0.35013846 -0.28283596 0.40712893
3933	-0.31036296 -0.40117893 -0.10966461 0.39623886
3935	-0.36006987 -0.33007523 -0.25959283 0.4041984
3936	-0.30014214 -0.40671518 -0.07255129 0.40391988
3940	-0.38968354 -0.27982473 -0.30505836 0.3808402
3941	-0.4127285 -0.31910872 -0.3063072 0.39792725
3946	-0.3194624 -0.38030818 -0.16620399 0.39404222
3948	-0.3357539 -0.42557612 -0.16354768 0.41218978
3949	-0.33640534 -0.3461387 -0.26612577 0.38902357
3950	-0.27019525 -0.35723314 -0.13102922 0.3729929
3951	-0.3240834 -0.37792075 -0.1754354 0.38474342
3960	-0.29891825 -0.4114331 -0.11399397 0.39480266
3961	-0.31802925 -0.41848734 -0.14369375 0.4011014
3962	-0.29842517 -0.37689626 -0.13889872 0.3900283
3964	-0.28021827 -0.4033019 -0.06873327 0.39794117
3965	-0.25962403 -0.39713192 -0.059488874 0.37971568
3967	-0.31957725 -0.40771782 -0.15846722 0.392686
3968	-0.36511222 -0.38088274 -0.22009425 0.3987543
3970	-0.2537473 -0.42871672 0.012253215 0.4030829
3971	-0.2877886 -0.38847327 -0.12028869 0.39072326
3975	-0.3009935 -0.40994707 -0.10877609 0.40845218
3978	-0.33434144 -0.4147053 -0.15966134 0.39991248
3983	-0.38638955 -0.3558719 -0.27372903 0.40657517
3989	-0.35582486 -0.41570973 -0.18890458 0.41275406
3991	-0.3449273 -0.39742348 -0.1923641 0.3985829
3994	-0.3152013 -0.44898683 -0.121802695 0.406698
3996	-0.35020497 -0.3733754 -0.21863599 0.3916971
4000	-0.3156612 -0.3948365 -0.13767612 0.39740226
4004	-0.29185623 -0.3791456 -0.13966456 0.38878
4005	-0.3010511 -0.3926956 -0.12004279 0.39147282
4007	-0.3712219 -0.32248098 -0.26923057 0.39892623
4010	-0.36209878 -0.40281814 -0.20145383 0.40571225
4020	-0.29994562 -0.37014922 -0.11552498 0.37736303
4021	-0.31525907 -0.40541044 -0.1515518 0.3966903
4022	-0.3131238 -0.4320071 -0.10580061 0.4005711
4024	-0.34720647 -0.36759377 -0.22997822 0.3938154
4027	-0.23926261 -0.40902308 -0.012577689 0.36461076
4032	-0.24793424 -0.43058264 0.004847742 0.39157367
4033	-0.33245948 -0.3797803 -0.17777258 0.3980559
4034	-0.34955725 -0.43104637 -0.21667768 0.40909028
4035	-0.29380155 -0.40585235 -0.12736027 0.40783605
4036	-0.32915145 -0.41163567 -0.14049804 0.40167937
4038	-0.33512533 -0.40806192 -0.21960242 0.40544868
4039	-0.34802517 -0.36883846 -0.22925352 0.39408198
4041	-0.3811688 -0.3302912 -0.26399937 0.4076647
4043	-0.3298835 -0.39684352 -0.16714525 0.39982015
4045	-0.33717182 -0.37277788 -0.22998805 0.39879608
4049	-0.32824498 -0.3302117 -0.19162841 0.36978605
4051	-0.2885533 -0.36396116 -0.17042257 0.38006154
4053	-0.29475346 -0.3567156 -0.13822979 0.38061923
4056	-0.26388937 -0.38897273 -0.052647036 0.38760158
4058	-0.37456444 -0.43431088 -0.16715573 0.43814275
4059	-0.25698078 -0.3793549 -0.05175701 0.38333642
4062	-0.32419857 -0.35512802 -0.17175838 0.38821048
4067	-0.18688531 -0.45027578 0.08663404 0.39039168
4069	-0.33842817 -0.42457077 -0.16774622 0.41245943
4070	-0.29804212 -0.35841835 -0.14489569 0.3893478
4071	-0.31959665 -0.37913492 -0.16703776 0.3741646
4075	-0.31365705 -0.36424163 -0.13401023 0.39778137
4077	-0.37028354 -0.35349983 -0.27410248 0.40061352
4080	-0.2834526 -0.36467552 -0.12191674 0.38975644
4083	-0.27433863 -0.40044516 -0.06611941 0.3922897
4084	-0.35109416 -0.36366728 -0.22261526 0.408404
4086	-0.35260242 -0.38656804 -0.24092391 0.39794612
4087	-0.35567123 -0.31540248 -0.25557098 0.38530082
4090	-0.37818417 -0.341991 -0.28535193 0.40454698
4091	-0.32752302 -0.4000374 -0.21141751 0.3976013
4094	-0.3135845 -0.38530532 -0.14881371 0.4031025
4099	-0.30470493 -0.41362458 -0.12526672 0.39227396
4103	-0.35958877 -0.40280187 -0.19632518 0.40673074
4107	-0.2677098 -0.41156718 -0.033060152 0.38719696
4114	-0.30779204 -0.37003082 -0.1467519 0.38773227
4116	-0.33011118 -0.40317178 -0.21871054 0.40358838
4125	-0.3447064 -0.3239884 -0.23549359 0.38446102
4130	-0.3143907 -0.39803702 -0.15663429 0.40105793
4134	-0.33023423 -0.40593356 -0.14535294 0.4047589
4136	-0.3084329 -0.4156362 -0.116921306 0.40242857
4138	-0.32331514 -0.35462502 -0.19077057 0.38561594
4140	-0.34716058 -0.32095194 -0.258617 0.37074864
4143	-0.34050405 -0.38246757 -0.20032147 0.39269257
4144	-0.36764693 -0.28926522 -0.2988844 0.37767115
4151	-0.28209916 -0.41125497 -0.092058785 0.39260343
4154	-0.34553382 -0.37931567 -0.2014678 0.38589606
4155	-0.35382217 -0.41133323 -0.19688313 0.4140926
4159	-0.18929802 -0.4775864 0.13611023 0.38901114
4161	-0.32641405 -0.43124253 -0.15357353 0.41457918
4162	-0.29336464 -0.39567634 -0.0908037 0.39314967
4167	-0.32134086 -0.3840072 -0.15737142 0.3986644
4171	-0.33079475 -0.41451347 -0.15531555 0.4005343
4173	-0.31869888 -0.3955357 -0.16831313 0.40096822
4174	-0.21393307 -0.4698727 0.06300883 0.3989182
4176	-0.32644042 -0.42873347 -0.14285861 0.40845546
