12
16
28
39
59
81
84
86
88
108
140
143
149
152
154
160
165
166
178
193
219
249
250
271
284
315
339
347
360
366
374
406
413
414
446
459
463
480
483
491
501
517
541
563
568
623
627
641
647
666
670
686
693
737
741
768
780
792
794
807
814
821
822
835
842
852
876
917
922
939
946
952
983
990
1001
1002
1010
1017
1020
1036
1040
1048
1069
1081
1112
1122
1145
1162
1166
1175
1180
1217
1236
1247
1274
1278
1297
1316
1321
1338
1340
1343
1356
1362
1417
1423
1442
1450
1466
1476
1521
1534
1554
1567
1582
1595
1610
1618
1677
1704
1741
1748
1759
1774
1776
1777
1801
1808
1813
1821
1846
1848
1869
1883
1903
1931
1955
2047
2067
2077
2090
2094
2095
2100
2103
2105
2111
2144
2156
2167
2190
2196
2198
2204
2214
2224
2232
2257
2266
2277
2281
2298
2318
2352
2353
2372
2373
2383
2391
2398
2402
2415
2427
2431
2472
2484
2490
2493
2495
2506
2516
2518
2532
2559
2574
2576
2585
2598
2625
2630
2652
2671
2672
2697
2700
2718
2750
2779
2792
2798
2811
2849
2853
2854
2868
2870
2892
2898
2903
2918
2962
3000
3010
3030
3077
3097
3147
3166
3185
3191
3203
3237
3243
3248
3265
3280
3303
3310
3312
3315
3330
3332
3406
3408
3419
3421
3423
3460
3461
3463
3480
3490
3520
3523
3528
3569
3600
3649
3652
3661
3673
3674
3679
3683
3707
3732
3742
3761
3785
3791
3796
3797
3826
3849
3856
3862
3864
3899
3930
3933
3983
3997
4019
4020
4036
4042
4043
4059
4066
4081
4083
4116
4124
4129
65
87
93
96
124
156
161
164
172
173
190
202
203
204
211
221
226
308
310
321
322
378
386
387
397
434
438
439
450
475
484
494
503
508
521
535
539
540
555
592
595
672
679
697
717
727
730
752
755
758
759
770
775
803
812
818
832
836
864
880
888
889
890
894
904
907
916
949
976
1006
1026
1029
1033
1037
1046
1076
1154
1158
1164
1176
1181
1186
1195
1196
1200
1206
1207
1210
1211
1228
1230
1237
1240
1252
1272
1290
1306
1335
1341
1352
1382
1443
1456
1467
1469
1470
1478
1489
1495
1511
1515
1517
1532
1536
1537
1581
1593
1594
1657
1659
1660
1674
1693
1711
1737
1746
1757
1775
1782
1788
1790
1799
1827
1840
1843
1849
1881
1887
1913
1926
1948
1949
1952
1966
1973
1981
1987
2006
2007
2009
2018
2024
2030
2033
2034
2040
2086
2173
2203
2223
2284
2293
2304
2330
2338
2382
2401
2418
2442
2457
2469
2527
2541
2550
2593
2627
2628
2640
2641
2646
2651
2711
2736
2755
2762
2764
2786
2789
2799
2831
2840
2843
2844
2845
2880
2890
2895
2941
2983
2989
3012
3018
3023
3024
3048
3052
3055
3089
3095
3104
3144
3157
3171
3181
3189
3244
3290
3304
3305
3311
3348
3349
3356
3365
3373
3388
3395
3398
3425
3427
3428
3431
3467
3502
3506
3533
3539
3547
3554
3562
3570
3573
3576
3577
3582
3583
3603
3610
3616
3660
3677
3702
3712
3734
3736
3752
3757
3764
3769
3773
3781
3801
3802
3813
3815
3828
3834
3859
3867
3907
3920
3991
4018
4027
4031
4050
4051
4075
4078
4080
4087
4122
4123
4125
4132
2
13
22
33
55
79
89
91
102
131
132
144
194
197
207
212
224
227
240
244
251
283
286
291
325
326
340
381
405
426
431
433
447
449
452
471
474
556
569
578
579
583
584
593
603
608
612
614
618
629
651
682
699
700
708
709
784
824
826
827
829
830
845
854
875
882
931
955
971
973
1018
1054
1085
1097
1157
1183
1190
1209
1233
1241
1245
1302
1310
1332
1336
1355
1364
1377
1397
1401
1431
1506
1572
1584
1597
1605
1633
1669
1670
1676
1682
1687
1722
1731
1738
1781
1787
1803
1804
1831
1833
1850
1861
1866
1874
1898
1901
1905
1909
1917
1924
1969
1976
1989
1999
2035
2060
2079
2083
2092
2114
2132
2148
2162
2172
2181
2206
2208
2227
2230
2241
2245
2250
2261
2271
2287
2294
2297
2299
2312
2337
2340
2350
2361
2368
2379
2380
2396
2439
2452
2460
2465
2476
2483
2498
2503
2507
2534
2553
2554
2555
2563
2566
2573
2579
2582
2611
2615
2617
2623
2634
2636
2645
2663
2669
2679
2689
2733
2737
2740
2758
2759
2761
2773
2812
2816
2819
2820
2852
2861
2877
2879
2909
2912
2923
2925
2927
2951
2960
2974
2978
3006
3013
3036
3053
3074
3083
3103
3106
3111
3113
3119
3164
3180
3201
3207
3225
3253
3274
3277
3286
3298
3301
3308
3318
3338
3339
3346
3352
3385
3424
3457
3462
3468
3500
3504
3513
3536
3541
3553
3560
3566
3604
3605
3670
3690
3697
3709
3711
3713
3716
3717
3720
3726
3727
3740
3763
3799
3812
3816
3860
3863
3870
3898
3908
3911
3918
3929
3931
3967
3995
4025
4029
4037
4048
4052
4070
0
1
53
66
126
138
157
241
264
316
328
341
351
417
432
453
472
510
524
544
575
609
615
617
624
646
650
701
715
806
815
841
851
871
872
893
909
910
936
975
1005
1009
1065
1072
1092
1121
1136
1137
1184
1194
1212
1225
1234
1281
1289
1294
1295
1300
1303
1312
1314
1326
1328
1331
1440
1449
1461
1474
1477
1535
1601
1608
1638
1651
1655
1683
1685
1690
1769
1783
1864
1870
1871
1904
1946
2019
2057
2058
2199
2365
2404
2423
2485
2522
2572
2588
2629
2635
2680
2684
2746
2747
2752
2771
2785
2797
2806
2827
2837
2855
2863
2888
2897
2899
2926
3003
3087
3115
3128
3168
3193
3194
3232
3242
3271
3295
3355
3360
3393
3426
3437
3445
3494
3514
3519
3527
3548
3575
3584
3586
3613
3642
3662
3663
3664
3741
3765
3792
3810
3817
3824
3846
3852
3854
3871
3887
3890
3917
3979
3989
4014
4045
4055
4090
4100
35
42
43
98
120
147
187
196
198
209
228
237
239
303
410
420
443
515
519
576
581
625
626
637
654
723
746
793
800
849
857
895
924
938
953
960
969
1000
1053
1070
1090
1094
1205
1258
1284
1292
1323
1378
1430
1529
1663
1691
1699
1700
1729
1826
1893
1910
1918
2056
2069
2080
2097
2115
2121
2133
2139
2158
2159
2165
2180
2185
2186
2209
2216
2219
2235
2238
2249
2259
2325
2329
2342
2344
2351
2356
2357
2360
2377
2410
2426
2453
2454
2462
2473
2479
2500
2539
2545
2552
2597
2608
2610
2620
2643
2653
2661
2694
2708
2712
2714
2732
2760
2784
2805
2825
2881
2882
2911
2917
2919
2934
2937
2942
2945
2949
2966
2976
3043
3062
3065
3114
3141
3167
3174
3178
3179
3192
3212
3240
3255
3260
3273
3296
3361
3377
3484
3540
3601
3628
3629
3646
3710
3743
3788
3869
3884
3909
4000
4009
4016
4128
4135
4138
41
49
115
182
188
257
269
304
311
419
423
455
464
482
522
529
643
645
688
718
771
787
808
933
967
987
992
1016
1056
1107
1117
1134
1138
1346
1390
1407
1415
1422
1454
1498
1599
1637
1681
1701
1773
1899
1908
1970
2015
2065
2157
2187
2263
2309
2535
2557
2667
2765
2778
2929
2961
2975
2980
3140
3151
3182
3246
3268
3319
3320
3327
3435
3439
3451
3495
3622
3647
3840
3847
3992
4082
4107
11
169
370
399
577
635
648
923
943
978
1105
1218
1485
1538
1671
1697
1719
1766
1890
1945
2254
2637
2958
2965
3112
3239
3340
3380
3449
3853
58
279
444
1027
1414
1632
1652
1654
1859
3487
3489
3589
3621
373
3011
3092
4119
1357
3851
528
