3
6
17
26
51
73
106
110
112
117
122
134
145
148
150
159
208
234
246
248
258
262
270
273
278
282
289
333
350
355
362
365
371
383
388
389
403
412
415
451
469
498
499
506
513
516
533
534
538
553
557
562
566
570
574
590
598
606
620
661
669
675
695
726
732
739
751
754
756
765
767
772
776
788
811
816
828
833
860
866
879
884
896
897
911
914
918
925
932
934
940
961
963
986
1012
1021
1032
1035
1058
1066
1089
1100
1102
1118
1148
1155
1187
1223
1224
1238
1253
1259
1264
1270
1317
1322
1337
1351
1360
1370
1375
1376
1386
1393
1413
1433
1444
1446
1460
1473
1475
1500
1505
1522
1524
1525
1530
1539
1562
1569
1587
1592
1602
1628
1639
1664
1698
1706
1726
1732
1760
1762
1780
1791
1824
1825
1855
1885
1947
1957
1958
1963
1978
2049
2051
2052
2053
2068
2072
2096
2101
2106
2127
2176
2184
2205
2210
2217
2220
2239
2240
2242
2255
2268
2270
2276
2279
2295
2310
2322
2336
2341
2346
2349
2367
2370
2371
2384
2385
2392
2400
2416
2429
2446
2474
2486
2489
2511
2528
2542
2565
2603
2605
2621
2624
2631
2633
2642
2654
2656
2659
2660
2673
2682
2691
2693
2698
2715
2717
2727
2743
2748
2751
2772
2776
2795
2801
2804
2822
2832
2839
2850
2858
2866
2869
2889
2900
2916
2920
2936
2968
2969
2972
2984
2986
2999
3016
3020
3032
3033
3060
3086
3121
3138
3153
3154
3160
3177
3190
3195
3199
3200
3205
3210
3215
3221
3236
3263
3284
3291
3299
3309
3317
3324
3326
3336
3337
3351
3357
3358
3387
3389
3392
3400
3433
3442
3455
3472
3473
3491
3497
3526
3532
3543
3545
3557
3565
3574
3596
3623
3625
3632
3653
3655
3671
3681
3700
3701
3703
3753
3762
3772
3774
3777
3778
3800
3807
3836
3838
3843
3848
3855
3858
3868
3873
3875
3877
3886
3919
3921
3936
3957
3971
3981
3990
4006
4012
4023
4041
4047
4057
4076
4084
4085
4101
4106
4109
4111
4114
4121
4133
4149
9
25
48
60
61
78
99
103
104
129
130
136
167
174
180
184
205
230
238
254
260
266
272
299
301
318
331
336
338
344
357
364
393
394
398
424
427
430
435
460
489
502
505
518
523
532
585
586
601
619
621
671
687
696
703
704
705
725
744
760
762
763
789
797
817
834
862
870
878
886
898
935
970
1025
1043
1077
1079
1093
1101
1116
1124
1150
1178
1220
1231
1235
1244
1256
1269
1296
1298
1311
1315
1350
1371
1395
1405
1409
1412
1418
1424
1445
1451
1455
1464
1468
1481
1486
1487
1488
1491
1494
1496
1497
1501
1556
1564
1566
1578
1641
1649
1667
1675
1688
1696
1710
1723
1725
1735
1744
1752
1763
1786
1807
1810
1817
1818
1829
1830
1838
1841
1845
1858
1865
1873
1889
1915
1923
1971
1988
1993
1995
2012
2014
2021
2022
2023
2026
2028
2036
2062
2117
2136
2143
2154
2213
2247
2272
2278
2321
2324
2386
2406
2449
2459
2478
2482
2492
2501
2512
2515
2520
2521
2540
2544
2549
2587
2626
2662
2696
2716
2726
2728
2756
2807
2817
2823
2833
2885
2907
2908
2946
2956
2973
2995
3039
3045
3082
3101
3117
3126
3136
3159
3165
3173
3175
3217
3223
3226
3254
3266
3275
3289
3347
3381
3383
3403
3407
3410
3430
3432
3458
3465
3469
3475
3488
3503
3516
3521
3549
3564
3581
3597
3598
3609
3627
3638
3639
3686
3699
3730
3738
3793
3795
3819
3850
3865
3866
3888
3901
3905
3915
3935
3939
3942
3947
3963
3980
3985
3996
4004
4011
4062
4065
4072
4088
4091
4115
4140
4148
4152
20
21
23
37
38
75
85
90
114
123
141
142
146
168
220
223
242
267
307
313
342
353
379
409
411
441
462
465
477
487
543
545
551
552
554
561
565
573
588
589
602
611
633
659
674
685
702
711
719
724
736
783
791
795
820
831
839
847
869
874
903
999
1007
1019
1055
1061
1084
1086
1087
1114
1132
1152
1163
1172
1173
1204
1213
1214
1242
1246
1248
1249
1347
1380
1384
1385
1391
1392
1416
1425
1428
1438
1472
1482
1508
1516
1543
1545
1549
1552
1615
1617
1620
1622
1631
1656
1713
1721
1740
1743
1798
1837
1847
1879
1895
1897
1922
1925
1928
1933
1935
1941
1951
1960
1972
2102
2104
2116
2118
2123
2128
2137
2138
2147
2168
2170
2207
2221
2231
2246
2253
2256
2265
2269
2291
2328
2339
2348
2354
2355
2363
2387
2390
2412
2413
2417
2475
2488
2505
2509
2525
2526
2531
2538
2551
2560
2568
2578
2591
2596
2599
2604
2614
2618
2647
2664
2686
2704
2706
2720
2721
2725
2729
2731
2745
2753
2757
2769
2791
2794
2821
2834
2846
2857
2878
2884
2886
2901
2915
2947
2950
2955
2979
2982
2988
2991
2993
2996
3028
3040
3050
3058
3063
3067
3080
3096
3098
3109
3110
3125
3155
3183
3196
3198
3202
3218
3233
3241
3250
3281
3306
3331
3362
3368
3374
3378
3397
3414
3415
3436
3459
3470
3501
3509
3512
3525
3552
3571
3572
3636
3645
3648
3724
3725
3731
3750
3756
3766
3775
3776
3782
3790
3804
3809
3811
3818
3839
3861
3891
3916
3923
3928
3938
3940
3952
3960
3965
3969
3973
3987
3994
4026
4053
4064
4067
4073
4079
4089
4120
4136
4142
4146
29
80
151
195
200
206
213
225
231
243
247
253
287
314
334
400
421
457
497
605
642
656
668
766
881
912
996
1034
1047
1050
1064
1067
1088
1106
1108
1133
1146
1147
1167
1203
1251
1288
1394
1406
1408
1426
1441
1447
1493
1520
1527
1550
1571
1588
1607
1613
1648
1650
1684
1717
1720
1728
1730
1736
1742
1789
1805
1806
1857
1882
1886
1896
1906
1912
1936
1954
1962
1965
1984
2017
2039
2126
2195
2225
2234
2273
2302
2316
2364
2378
2403
2445
2464
2481
2487
2494
2513
2567
2580
2581
2602
2607
2650
2670
2829
2913
2971
2985
3014
3026
3084
3131
3139
3148
3152
3161
3176
3187
3211
3216
3224
3227
3230
3269
3283
3422
3429
3476
3481
3485
3534
3568
3580
3594
3641
3654
3658
3669
3682
3728
3759
3820
3844
3857
3895
3902
3945
3998
4032
4046
4061
4095
4096
24
31
45
57
137
155
235
255
256
259
296
306
330
395
458
496
537
558
564
580
610
662
667
676
684
689
781
804
901
930
937
941
945
965
1099
1111
1161
1188
1255
1287
1388
1479
1512
1555
1574
1580
1606
1680
1715
1778
1822
1823
1834
1875
1891
1892
1902
1977
2005
2041
2070
2075
2081
2110
2122
2152
2160
2179
2182
2191
2200
2201
2218
2248
2262
2267
2286
2288
2300
2301
2308
2315
2317
2319
2334
2347
2358
2374
2407
2434
2435
2438
2455
2470
2499
2529
2530
2547
2569
2577
2594
2600
2619
2622
2638
2639
2644
2657
2666
2676
2688
2701
2703
2709
2713
2723
2735
2744
2788
2803
2808
2809
2864
2865
2867
2872
2876
2883
2887
2896
2910
2922
2924
2928
2932
2943
2953
2957
2987
2990
2997
3008
3019
3061
3064
3068
3069
3076
3078
3108
3116
3120
3123
3124
3158
3204
3234
3238
3256
3264
3334
3379
3413
3466
3496
3550
3567
3591
3614
3615
3634
3635
3659
3667
3721
3767
3784
3786
3805
3825
3832
3958
4002
4007
4008
4010
4021
4024
4033
4039
4074
4105
4134
4145
63
82
135
176
201
276
293
309
390
492
567
607
616
691
773
813
823
840
868
877
885
919
962
972
980
1022
1078
1104
1141
1149
1168
1170
1199
1222
1263
1267
1283
1291
1325
1396
1402
1404
1410
1437
1510
1561
1577
1625
1653
1661
1695
1764
1795
1862
1876
1914
2001
2008
2169
2229
2237
2303
2366
2508
2601
2678
2763
2939
3009
3029
3088
3149
3267
3313
3328
3333
3359
3364
3366
3447
3492
3517
3556
3643
3758
3924
3978
3984
4144
268
288
332
343
363
380
520
630
714
734
915
950
1057
1126
1367
1434
1591
1665
1668
1678
1751
1771
1836
1934
1982
2025
2388
2564
2586
2613
2767
2952
3007
3105
3322
3343
3391
3401
3474
3544
3558
3896
3932
4060
4098
4118
4137
74
215
265
312
542
785
1354
1579
1724
1811
2066
2658
2774
3450
3593
3680
3783
3900
3279
95
1614
