14
71
97
133
139
175
183
229
300
323
324
349
352
354
358
368
372
384
385
418
425
437
442
454
456
467
476
481
486
488
490
500
511
547
548
550
587
639
649
653
663
673
678
713
729
733
738
749
757
769
779
782
796
801
802
805
819
825
844
846
853
855
856
859
863
887
891
899
900
905
913
927
928
944
951
959
964
966
977
993
994
1003
1011
1024
1041
1051
1052
1068
1074
1091
1110
1128
1129
1151
1160
1216
1229
1243
1262
1273
1282
1285
1309
1320
1324
1329
1339
1349
1353
1358
1365
1379
1398
1403
1411
1432
1439
1471
1483
1514
1526
1528
1542
1557
1558
1565
1589
1604
1616
1619
1621
1623
1627
1640
1643
1647
1672
1702
1703
1718
1750
1754
1802
1809
1814
1815
1844
1851
1854
1856
1877
1880
1900
1920
1929
1968
1975
1980
2002
2004
2020
2059
2073
2085
2087
2088
2098
2125
2141
2145
2177
2178
2211
2226
2251
2280
2283
2306
2311
2323
2359
2381
2405
2411
2422
2424
2432
2436
2437
2450
2471
2480
2491
2504
2523
2543
2632
2674
2675
2687
2722
2734
2738
2742
2775
2780
2790
2796
2810
2814
2815
2842
2848
2851
2859
2875
2891
2921
2931
2933
2944
2954
2970
3004
3017
3025
3027
3031
3037
3038
3047
3049
3057
3093
3102
3135
3150
3163
3197
3219
3222
3231
3245
3257
3258
3259
3262
3270
3287
3288
3292
3293
3307
3335
3367
3370
3372
3382
3404
3417
3418
3441
3446
3448
3477
3478
3508
3518
3529
3537
3538
3555
3561
3563
3585
3602
3608
3618
3619
3626
3631
3637
3650
3665
3666
3675
3691
3693
3708
3715
3739
3747
3749
3755
3771
3780
3789
3794
3829
3831
3841
3893
3941
3944
3946
3953
3954
3961
3962
3976
3986
3999
4003
4044
4049
4071
4108
5
8
10
64
70
76
105
109
111
113
118
119
162
218
222
232
236
280
290
298
305
317
320
327
345
346
356
367
377
436
440
504
530
571
591
594
597
604
657
690
707
712
716
742
764
774
778
790
799
809
908
920
948
954
956
958
968
995
1013
1015
1031
1044
1059
1060
1062
1063
1080
1095
1109
1115
1142
1143
1144
1169
1177
1179
1189
1215
1221
1227
1232
1254
1257
1268
1276
1301
1319
1327
1344
1373
1383
1389
1435
1436
1453
1463
1480
1492
1502
1503
1504
1518
1519
1531
1533
1560
1563
1586
1590
1629
1630
1642
1673
1705
1709
1712
1727
1733
1739
1749
1756
1758
1767
1770
1793
1797
1812
1819
1820
1828
1832
1835
1863
1884
1916
1919
1927
1979
1985
1991
1994
1997
2000
2037
2042
2043
2046
2050
2055
2061
2078
2089
2112
2129
2130
2135
2146
2171
2202
2233
2275
2289
2296
2305
2343
2376
2389
2393
2399
2409
2441
2448
2458
2477
2510
2514
2533
2546
2561
2570
2589
2592
2668
2683
2707
2730
2770
2782
2824
2828
2902
2905
2930
2948
2959
2963
2994
3001
3015
3051
3054
3066
3070
3079
3091
3094
3145
3170
3172
3213
3220
3247
3249
3252
3261
3272
3297
3302
3316
3321
3344
3353
3386
3399
3402
3409
3420
3452
3454
3456
3471
3522
3524
3535
3542
3546
3559
3578
3579
3587
3592
3606
3611
3612
3620
3630
3640
3676
3678
3685
3694
3696
3705
3714
3722
3729
3745
3751
3760
3798
3803
3874
3883
3894
3910
3927
3937
3964
3977
3982
4001
4005
4013
4017
4035
4038
4040
4077
4086
4099
4103
4110
4113
4131
4141
15
27
32
36
40
50
52
54
101
125
153
163
179
185
186
191
192
216
261
275
277
281
285
292
329
361
375
382
391
407
429
470
479
512
526
527
531
560
582
640
652
660
681
706
728
731
735
753
761
810
837
838
850
858
883
892
902
906
926
979
998
1028
1071
1113
1156
1171
1182
1191
1198
1201
1202
1208
1219
1266
1271
1275
1293
1299
1307
1342
1372
1399
1400
1420
1427
1429
1452
1513
1541
1551
1553
1559
1573
1575
1583
1598
1635
1716
1755
1779
1792
1794
1816
1853
1888
1911
1932
1939
1950
1953
1967
1974
1992
1996
1998
2031
2063
2091
2093
2107
2119
2124
2134
2140
2142
2149
2150
2155
2163
2164
2175
2197
2228
2252
2282
2290
2307
2331
2332
2362
2369
2394
2395
2397
2414
2421
2433
2467
2468
2502
2517
2537
2548
2571
2583
2584
2609
2612
2616
2648
2655
2665
2677
2685
2692
2695
2710
2766
2777
2781
2783
2787
2793
2813
2818
2826
2836
2838
2873
2935
2938
2967
2977
2981
3005
3034
3041
3071
3073
3075
3081
3090
3099
3100
3118
3122
3127
3130
3133
3134
3146
3162
3169
3251
3329
3354
3384
3411
3412
3416
3444
3482
3499
3511
3530
3551
3595
3607
3624
3644
3656
3687
3692
3718
3744
3748
3808
3821
3822
3823
3827
3835
3845
3872
3879
3881
3892
3904
3912
3943
3950
3951
3955
3966
3970
3974
3975
4054
4063
4068
4094
4102
4126
4127
4147
18
30
44
62
68
72
77
100
116
127
158
170
199
245
263
319
335
359
369
401
402
404
408
416
422
478
572
599
600
622
631
632
636
638
655
664
698
747
750
786
843
865
947
957
981
984
985
997
1004
1038
1045
1049
1082
1083
1098
1120
1125
1127
1130
1135
1140
1159
1185
1193
1265
1286
1304
1305
1313
1330
1374
1387
1419
1499
1507
1523
1544
1547
1568
1570
1576
1585
1600
1609
1612
1626
1636
1658
1666
1686
1692
1761
1784
1839
1852
1907
1921
1930
1938
1940
1943
1944
1956
1983
1986
2016
2027
2032
2044
2045
2054
2108
2131
2161
2166
2174
2215
2222
2258
2264
2314
2326
2333
2419
2420
2425
2444
2497
2524
2562
2595
2749
2800
2830
2847
2856
2874
2904
2992
3129
3142
3184
3188
3206
3229
3278
3282
3300
3341
3363
3376
3390
3434
3453
3486
3498
3505
3651
3657
3688
3698
3704
3768
3779
3806
3837
3842
3876
3878
3880
3882
3889
3897
3906
3949
3968
4015
4022
4034
4058
4104
4130
4
7
34
56
69
181
210
217
274
297
302
348
376
392
428
445
448
466
473
485
493
509
514
536
546
549
628
644
658
665
680
683
743
745
848
861
867
921
942
991
1014
1039
1042
1075
1119
1153
1226
1260
1261
1368
1381
1448
1459
1462
1465
1509
1546
1548
1596
1734
1753
1785
1842
1872
1937
1942
1961
1964
2003
2029
2038
2048
2071
2074
2076
2082
2084
2099
2109
2120
2151
2153
2183
2188
2192
2193
2194
2236
2243
2260
2274
2285
2292
2313
2320
2327
2335
2345
2408
2440
2447
2451
2456
2461
2519
2556
2558
2575
2590
2681
2690
2702
2719
2724
2741
2754
2768
2802
2835
2860
2862
2871
2893
2894
2906
2914
2940
2964
3002
3021
3035
3042
3044
3046
3056
3059
3107
3137
3143
3186
3208
3209
3276
3294
3323
3345
3369
3375
3394
3396
3438
3443
3464
3479
3483
3531
3590
3617
3668
3684
3695
3719
3733
3735
3746
3787
3922
3934
3948
3956
3959
3972
3988
4069
4092
4112
4117
4143
4150
4151
19
47
83
94
121
128
171
214
233
252
294
295
396
461
495
507
525
596
613
634
677
694
710
748
777
873
929
974
989
1008
1023
1030
1103
1123
1165
1192
1197
1250
1277
1279
1318
1334
1345
1348
1359
1366
1369
1421
1458
1484
1490
1611
1634
1645
1646
1679
1694
1707
1708
1745
1747
1765
1772
1796
1867
1868
1959
1990
2013
2064
2189
2212
2375
2428
2430
2466
2496
2536
2649
2699
2705
2739
2841
3022
3072
3156
3214
3228
3285
3314
3325
3371
3405
3440
3507
3510
3588
3599
3672
3689
3723
3737
3754
3770
3830
3833
3885
3913
3925
3926
4028
4030
4056
4097
4139
46
67
92
189
468
692
721
798
982
988
1073
1139
1174
1239
1280
1308
1333
1457
1540
1624
1644
1800
1860
1894
2011
2113
2606
2998
3235
3350
3493
3633
3706
3903
3993
4093
4153
107
337
720
722
740
1096
1131
1361
1363
1603
1689
1714
1768
1878
2244
2463
3085
3132
3342
3515
177
559
2010
2443
3814
3914
1662
