size=64, nhead=8, dropout=0.4, neigh-por=0.6, lr=0.01, batch-size=256, epochs=50, attributed=True, supervised=True
3	-0.117775336 -0.7867706 -0.84145683 0.17138213
6	0.7635474 -0.967256 -0.8148843 -0.76625496
9	0.85476065 -0.97604585 -0.59884447 -0.9272728
17	0.0326178 -0.37065578 -0.95286536 0.22952084
20	-0.4191942 -0.7239411 -0.75164235 0.4466771
21	-0.7166201 -0.47153163 0.32701293 -0.38430062
23	0.95922345 -0.41469094 -0.89289224 -0.99148655
24	0.81301594 -0.59721345 -0.8362675 -0.91589105
25	0.31859115 -0.8817005 -0.87481725 -0.22307745
26	-0.4332088 -0.88265896 -0.9454751 0.8718002
29	0.8706725 -0.5528072 -0.74230355 -0.94209623
31	0.96971357 -0.0607347 -0.91160154 -0.9956622
37	0.9909004 -0.9779833 -0.9177481 -0.97030973
38	0.6108214 0.015673574 -0.80368257 -0.7664889
45	0.34394348 -0.727443 -0.37923235 -0.60182256
48	-0.19117412 -0.9886267 0.73713195 -0.65976346
51	-0.43439907 -0.49133566 -0.27027985 0.14777738
57	0.9135734 -0.9824717 -0.9533319 -0.26793236
60	0.79079616 -0.9636595 -0.0021600723 -0.9019207
61	0.15966955 0.015956894 -0.6515083 -0.4929608
63	0.32397586 0.51198995 -0.8000946 -0.96121883
73	0.41191322 -0.90898764 -0.8144195 -0.48354572
74	0.689921 -0.97207564 -0.2675841 -0.31554836
75	0.9919696 -0.98017323 -0.89990115 -0.98203456
78	0.35815397 0.09098985 -0.569788 -0.9797217
80	0.852913 -0.82256097 -0.8744488 -0.94455224
82	-0.2261831 0.067937315 -0.7310915 -0.63493484
85	0.38474867 -0.58117735 -0.32639998 -0.6186069
90	0.8902419 -0.99755776 -0.9547931 -0.08397192
95	0.54992104 -0.08349264 -0.74117047 -0.7820885
99	0.62897027 -0.97847205 -0.44894353 -0.84178984
103	0.33295816 0.22600845 -0.9486667 -0.8791325
104	0.61244714 0.07145308 -0.91933644 -0.7969522
106	-0.02834645 -0.9866319 -0.11928901 0.49213746
110	0.884605 -0.9693904 -0.41732106 -0.9463293
112	0.2809917 -0.88546443 -0.0639101 -0.368608
114	0.85556287 0.2933771 -0.9208151 -0.9883182
117	0.9832231 -0.8739544 -0.91672885 -0.9963007
122	0.7967092 -0.98867965 -0.9312316 -0.24756478
123	-0.5212741 -0.4748472 0.81946194 -0.79669535
129	0.9374883 -0.002473155 -0.8398174 -0.98377573
130	0.43211487 -0.0026069796 -0.77366257 -0.9013145
134	0.87518454 -0.4739632 -0.5435708 -0.98800987
135	-0.7595463 0.43114707 -0.6251973 -0.89378655
136	0.041505404 -0.6429453 -0.96993923 -0.0019635558
137	0.5113426 -0.44254023 -0.4727844 -0.96860385
141	0.9696672 -0.37414822 -0.864524 -0.99691385
142	-0.54717696 -0.690974 0.14404503 -0.5498321
145	0.8678577 -0.461694 -0.95029056 -0.80752
146	0.44659907 0.12669805 -0.9503242 -0.8487169
148	0.8523927 0.0042139264 -0.9299804 -0.8469287
150	0.6422644 -0.2345377 -0.63920677 -0.96130395
151	0.41643575 -0.023340255 -0.89810985 -0.26820987
155	0.9859077 -0.5107803 -0.8787627 -0.9729557
159	-0.35794112 0.11796618 -0.8205898 -0.2227457
167	0.3136105 -0.49686164 -0.5174862 -0.9564791
168	0.8478695 0.38112873 -0.9118972 -0.9845116
174	0.9234779 -0.9745309 -0.94396615 -0.8373182
176	0.8131914 -0.9696845 -0.905627 -0.25749665
180	0.93995476 0.00045577902 -0.8789965 -0.9909104
184	0.9413489 -0.592612 -0.82035255 -0.95155156
195	0.83834636 -0.9917304 -0.8099392 -0.25792676
200	0.8217006 -0.52652717 -0.85393846 -0.9852965
201	0.7638237 -0.98891246 -0.67551553 -0.8292061
205	0.8603238 -0.73863995 -0.89348054 -0.98436713
206	0.90174305 -0.70749295 -0.9587326 -0.88222384
208	0.64773434 -0.82841164 -0.9521007 -0.12931699
213	0.7052072 -0.9929298 -0.011078805 -0.8896538
215	0.33373457 0.16894501 -0.8344405 -0.97415125
220	0.91914415 -0.9807496 -0.96909916 -0.24841659
223	0.35678434 -0.78956044 -0.56949234 -0.50112146
225	0.22668537 -0.94518197 -0.69866854 -0.037630975
230	0.83333933 -0.98736995 -0.97000647 0.703022
231	0.72026104 -0.9837228 -0.5985625 -0.79426116
234	-0.07111902 -0.68399215 -0.9528303 0.47313422
235	0.43927383 0.31767327 -0.9596433 -0.9782957
238	-0.8996773 0.0874975 -0.48286536 -0.38218117
242	0.91917396 -0.8332907 -0.8670716 -0.9858206
243	0.8707912 -0.8550928 -0.8550633 -0.97760534
246	0.7275619 0.078349516 -0.87161016 -0.9812264
247	0.92326707 -0.99151444 -0.34269664 -0.5608916
248	0.06686532 -0.102529585 -0.3979705 -0.7091472
253	0.096786216 0.15812413 -0.6858804 -0.96157527
254	0.9490218 -0.9900641 -0.8059828 -0.91698384
255	0.881623 -0.04250646 -0.9144492 -0.9947711
256	-0.44572157 -0.63829637 0.24887507 -0.5335851
258	0.1506309 0.53346956 -0.90635747 -0.99477464
259	0.52903116 -0.7793828 -0.61978525 -0.8881389
260	0.22250886 -0.97828126 0.4664343 -0.10830295
262	0.5170952 -0.023181014 -0.8720942 -0.979918
265	0.30555627 -0.9289094 -0.9517425 0.23990436
266	0.936686 -0.9755049 -0.9426073 -0.5273136
267	0.6435696 0.67017746 -0.91831195 -0.99484134
268	-0.014557019 0.44623566 0.12365116 -0.94078267
270	-0.3751826 -0.8214159 0.46912837 -0.6784786
272	0.34474704 -0.60075045 0.373657 -0.93868315
273	0.8905942 -0.63621026 -0.36800912 -0.97952193
276	0.72205365 -0.09220455 -0.8901719 -0.90659755
278	0.027091775 0.766695 -0.6915426 -0.899395
282	0.9724429 -0.9893546 -0.7857647 -0.96377766
287	-0.46941066 0.35970512 -0.67864907 -0.8537508
288	-0.13582784 -0.8404783 -0.38898996 -0.44894898
289	0.8542373 -0.81494397 -0.8152509 -0.9787607
293	-0.3062775 0.7338947 -0.8816328 -0.984587
296	0.48782837 0.14635845 -0.9200332 -0.99494183
299	0.8713151 -0.9646754 -0.86922574 -0.7678602
301	0.43562716 -0.97912407 -0.14195561 -0.10631472
306	-0.9680126 -0.96140194 -0.92598134 0.99609536
307	0.87327063 -0.28089422 -0.86611843 -0.97566235
309	0.8860125 -0.9896616 -0.95407325 -0.17863773
312	0.21358307 0.23856702 -0.89090824 -0.95424855
313	0.3982614 0.40663177 -0.8939459 -0.9935187
314	0.15225607 0.8866676 -0.93942046 -0.9934633
318	0.69085294 0.37356094 -0.74978673 -0.98984706
330	0.39060932 -0.93945926 0.11334413 -0.9489162
331	0.82457066 -0.9830843 0.015741616 -0.88533187
332	0.61308795 -0.9280762 -0.6533265 -0.74537015
333	0.7102134 0.31117004 -0.84121287 -0.98765475
334	0.17192513 -0.6800109 -0.7717253 -0.059681423
336	0.43387532 -0.7283691 -0.56781936 -0.96810424
338	0.3038006 -0.9275849 -0.32164156 0.30657256
342	0.93237126 -0.38548034 -0.44621235 -0.99441016
343	0.6935239 0.06830565 -0.825921 -0.93639815
344	-0.20985244 -0.95496166 -0.13631247 -0.08539234
350	0.024171446 0.2993819 -0.6818493 -0.7574704
353	0.83040893 -0.66368073 -0.8900757 -0.9845586
355	0.27476987 -0.93285275 0.0058048368 -0.4096521
357	0.6500815 -0.97806895 -0.39269996 -0.845286
362	0.9679676 -0.98155165 -0.7717168 -0.8879699
363	0.09595343 0.08365926 -0.8966458 -0.680568
364	0.08692483 0.33483782 0.36774746 -0.99247867
365	0.597767 -0.5009819 -0.43057325 -0.80859804
371	0.24274448 0.059020016 -0.5983194 -0.8932604
379	0.8463722 -0.6362038 -0.7806077 -0.99237967
380	0.21456142 -0.07033731 -0.6749402 -0.9294803
383	0.85674626 -0.9875286 -0.9547281 -0.09801963
388	0.98466635 -0.9887303 -0.90531194 -0.9601176
389	0.34774303 0.06497225 -0.72812366 -0.9248767
390	0.46964613 -0.37725088 -0.60179305 -0.8380434
393	0.9796429 -0.9714593 -0.89416385 -0.9813191
394	0.8970506 -0.5045446 -0.7652451 -0.93770033
395	0.9628941 -0.9220563 -0.87343836 -0.5354217
398	0.3370688 -0.5056831 -0.842384 -0.16720223
400	0.40118408 -0.86324847 -0.7910552 0.12333152
403	-0.577367 -0.35547942 0.7866428 -0.87393403
409	0.95576334 -0.84290385 -0.91439253 -0.9802164
411	0.1395709 -0.03419329 -0.33729467 -0.8066771
412	0.3482117 -0.29841408 -0.15741187 -0.9632124
415	0.44452095 -0.8834026 0.037598863 -0.98087776
421	0.80252683 -0.82548976 -0.51161516 -0.87867874
424	0.3455247 0.32053834 -0.8600224 -0.97637486
427	0.4078492 -0.94691706 -0.8226759 -0.28074247
430	0.19035326 -0.00066825 -0.95319533 -0.764501
435	0.20843494 -0.79942936 0.49377936 -0.81040627
441	0.992746 -0.9850745 -0.9288087 -0.97821146
451	-0.54231286 0.46487436 -0.36218625 -0.8597358
457	0.8111489 0.42151523 -0.9246812 -0.99284494
458	0.32864374 0.12754743 -0.74851835 -0.9099083
460	0.23606132 -0.91202664 -0.029211968 -0.79239714
462	0.47582647 -0.7799022 -0.9083345 -0.3576998
465	0.026352338 -0.5872508 0.006987959 -0.5735272
469	-0.4135471 0.8229501 -0.9320694 -0.9903103
477	0.96262234 -0.053899776 -0.8922229 -0.9220588
487	0.33394948 -0.93042886 -0.18905503 -0.924791
489	0.19408022 -0.14847438 -0.8689227 -0.47798222
492	0.9357176 -0.968724 -0.90198284 -0.8865724
496	0.84193265 -0.9932369 -0.26227802 -0.8829111
497	0.4635613 -0.93876135 -0.13318172 -0.9617709
498	0.8986013 -0.4347728 -0.90579194 -0.9890528
499	0.9734347 -0.983431 -0.8329198 -0.95671046
502	0.43741643 -0.9146664 -0.86585665 -0.5418847
505	0.8096437 -0.15983558 -0.825505 -0.99062884
506	0.93353724 -0.4283953 -0.8921444 -0.8821016
513	0.81019205 -0.9836583 -0.22051005 -0.86715174
516	-0.65125036 -0.87844193 -0.93289477 0.7061651
518	0.6783466 0.20552658 -0.8246052 -0.96737295
520	0.95283806 -0.4994316 -0.8698969 -0.93991995
523	0.72494197 0.16118243 -0.85665274 -0.98350984
532	0.9124408 -0.9768592 -0.9206364 -0.59801966
533	0.86150074 -0.42508492 -0.87523896 -0.9938265
534	0.6420498 0.23850796 -0.9352484 -0.9926816
537	0.20423198 -0.85622704 -0.31282556 -0.9204103
538	0.6828156 -0.9273025 -0.69379264 -0.9317745
542	0.8242854 0.40005848 -0.87193656 -0.9923129
543	-0.21020801 -0.54614663 -0.07300025 -0.3850997
545	0.8962263 -0.99208677 -0.95989597 -0.27132908
551	-0.26159602 -0.7270869 -0.41339266 -0.5481415
552	0.37750942 -0.39541626 -0.63264906 -0.91877353
553	0.76727474 -0.84845185 -0.33123934 -0.91290545
554	0.9951172 -0.98848164 -0.90859896 -0.9692637
557	-0.32429722 0.9881545 -0.9632063 -0.9931113
558	0.94120264 -0.987105 -0.93099487 -0.7910404
561	0.97232133 -0.33403334 -0.9185169 -0.9963174
562	0.88336074 -0.9941993 -0.87237656 -0.0959273
564	0.54866683 -0.84549105 -0.8900323 -0.006788075
565	0.7917706 0.44650358 -0.8907443 -0.98661804
566	-0.30717805 -0.9653374 -0.36840364 0.30794513
567	0.86482596 -0.30779994 -0.4932656 -0.94881105
570	0.95042264 -0.9632653 -0.9474884 -0.82329935
573	0.9246187 -0.978382 -0.6601806 -0.87453157
574	0.84914863 0.42720336 -0.89380044 -0.99113363
580	0.95284915 -0.9905485 -0.95488846 -0.13180657
585	0.8745769 -0.9877486 -0.9510648 -0.34675908
586	0.20105265 0.41394654 -0.2678899 -0.9685737
588	0.41803098 -0.7123891 -0.20382349 -0.8463546
589	0.34922606 -0.66439396 -0.29738897 -0.9196845
590	0.77324057 0.39180124 -0.8180971 -0.99296445
598	0.71856946 -0.9818111 -0.5366391 -0.83174837
601	0.13077351 -0.94986504 0.2416319 -0.3887712
602	0.33164048 -0.97313046 -0.7366406 -0.36202526
605	0.48834163 -0.93160325 -0.80418193 -0.6135777
606	0.1150648 -0.9504 -0.84861875 -0.11930076
607	0.76439834 -0.9054589 -0.7349616 -0.9580164
610	0.9262856 -0.20095903 -0.8850358 -0.995527
611	0.69567704 -0.59972966 -0.8699587 -0.97744715
616	-0.7379168 -0.9020524 -0.8868097 0.6751917
619	-0.30074114 -0.4917353 -0.6525342 -0.045687668
620	0.9980978 -0.9757854 -0.8237331 -0.93726254
621	0.589885 -0.18397161 -0.880489 -0.9467551
630	0.2809826 -0.80359155 -0.67325497 -0.7806165
633	0.70059544 -0.69645226 -0.025604218 -0.81055343
642	0.45678163 -0.51889056 -0.07835935 -0.9668102
656	-0.45632073 -0.2691965 -0.25564724 -0.7150378
659	0.45617664 -0.9888201 -0.863928 0.7455368
661	0.9656949 -0.7205932 -0.8998909 -0.77501875
662	-0.18324372 -0.8847425 -0.0902875 -0.015566909
667	-0.41369888 -0.06492162 0.09873137 -0.9799137
668	0.7140589 -0.8774961 -0.77396244 -0.47156128
669	0.22398756 -0.7492894 -0.91764355 -0.04094387
671	0.47537294 -0.34592167 -0.805285 -0.83158964
674	-0.479362 0.8549391 -0.91187656 -0.94949895
675	0.27485895 -0.8957573 -0.59634864 -0.014834808
676	-0.8764733 -0.91336143 0.7615008 -0.7107581
684	-0.23704779 -0.9322394 -0.6171304 0.17764664
685	0.9256002 -0.89131653 -0.76308656 -0.9918541
687	0.4074589 -0.92578316 -0.7083994 -0.6998013
689	-0.0054989615 -0.7978711 0.022807635 -0.92650044
691	0.72056913 -0.98302233 -0.9029984 -0.30012298
695	0.9202848 -0.078889444 -0.7986834 -0.9863851
696	-0.82019705 0.61611044 -0.47045806 -0.91414654
702	0.61261094 0.2837046 -0.7117313 -0.97807586
703	0.8332366 0.09193172 -0.8821914 -0.9747124
704	0.9082482 -0.7397751 -0.9081016 -0.98432654
705	-0.009985827 -0.61157066 -0.6914823 -0.16368732
711	-0.10664874 0.012697704 -0.20365627 -0.95032406
714	0.61408854 0.0017904378 -0.804108 -0.6506419
719	0.98142195 -0.71183693 -0.9191372 -0.99627036
724	0.793488 0.41764453 -0.8901624 -0.99148226
725	0.85681003 -0.9709532 -0.77215713 -0.91656965
726	0.96859646 -0.99139696 -0.79485655 -0.9415518
732	-0.31068432 0.16024494 -0.56946456 -0.7597561
734	0.2720355 0.5523973 -0.8438464 -0.93792415
736	-0.26995492 0.98513895 -0.9743391 -0.9897576
739	-0.37443948 0.97342604 -0.9564771 -0.9921943
744	-0.36058837 0.94076127 -0.916576 -0.9897326
751	0.5812459 -0.0014910065 -0.5593262 -0.82041
754	0.70949733 -0.9530991 -0.5989713 -0.93113446
756	-0.89378726 -0.3713845 -0.95003176 0.6143119
760	0.01616408 -0.71035945 -0.49265835 -0.36437264
762	-0.8411115 -0.93241143 -0.8296666 0.96787614
763	0.82177216 -0.64980716 -0.89708674 -0.23516156
765	0.7353859 -0.7285066 -0.85633034 -0.97115517
766	0.9370798 -0.74258417 -0.8611209 -0.993081
767	-0.13143377 -0.9103075 -0.1073966 0.11055754
772	0.69439805 -0.88621294 -0.6778488 -0.9597938
773	0.6973262 -0.03750948 -0.91435003 -0.8718206
776	0.82624424 -0.31310263 -0.8714165 -0.99156344
781	0.032990105 -0.9436556 -0.31292796 -0.0034851953
783	-0.79042923 0.2801838 -0.77879995 -0.42498434
785	0.82035834 -0.9591397 -0.5339882 -0.91192734
788	0.8220614 -0.9805522 -0.93470657 -0.4394852
789	0.75132406 0.09679511 -0.88878644 -0.97884357
791	0.43707496 -0.3820045 -0.7248562 -0.5896615
795	-0.85514814 -0.23652393 0.106631204 -0.39058876
797	-0.36130893 -0.655422 -0.9270365 0.033176996
804	0.9436145 -0.9953306 -0.96915114 -0.28884688
811	0.25568554 0.40118575 -0.4544049 -0.9816488
813	0.6556361 -0.1427823 -0.8429471 -0.97631085
816	0.28385416 -0.322553 -0.30790192 -0.8838438
817	0.7673048 -0.6931932 -0.869626 -0.775965
820	0.6590216 0.44664723 -0.89244366 -0.99179363
823	0.57377124 0.20408815 -0.8970145 -0.93614924
828	-0.58146197 -0.045088172 -0.91839004 -0.035601467
831	0.9793204 -0.9917562 -0.93735945 -0.18555431
833	-0.008976735 0.06424788 -0.23424649 -0.8768392
834	0.35994428 0.1040219 -0.7700863 -0.54294956
839	0.89460856 -0.7027682 -0.91583896 -0.9839966
840	0.31600034 -0.42531097 -0.7144281 -0.7357148
847	0.85915756 -0.40813205 -0.8994142 -0.87370574
860	0.8188207 -0.1405467 -0.8753637 -0.9682685
862	0.6093701 -0.5507226 -0.88795036 -0.65281415
866	0.51417756 0.11364834 -0.7631155 -0.8860337
868	0.83593845 -0.5572691 -0.8732456 -0.99170357
869	0.92381364 -0.9919865 -0.97758245 -0.21956545
870	-0.27165964 0.9867771 -0.9753107 -0.9913779
874	0.732797 0.34642673 -0.87394965 -0.98846185
877	0.7360822 -0.72797287 -0.81773853 -0.9776176
878	0.32998255 -0.8401587 -0.48452175 -0.49162295
879	0.84455377 0.20222071 -0.8781338 -0.9860424
881	0.6811801 -0.88806224 -0.88329566 -0.70359945
884	0.8388585 -0.966204 -0.8661722 0.11364348
885	0.41073316 0.3071875 -0.74714184 -0.94032574
886	0.8933915 0.027441159 -0.887222 -0.96440446
896	0.70227015 -0.8910769 -0.8197961 -0.79453313
897	0.48600957 -0.5034096 -0.610629 -0.50529706
898	0.6041486 -0.54464215 -0.7550485 -0.8531892
901	0.860149 -0.9800664 -0.9412217 -0.20852405
903	0.009430535 -0.72631204 -0.06579745 -0.933102
911	0.7519818 0.33636633 -0.74152744 -0.98941225
912	0.44503745 -0.33659554 -0.79950047 -0.4811287
914	0.4726256 -0.865595 -0.93601745 -0.2731156
915	0.31557813 -0.107794456 -0.8541318 -0.8699893
918	-0.7841913 0.1943112 -0.2041805 -0.85015523
919	-0.3031688 -0.17624074 -0.23840587 -0.47164607
925	0.87531424 -0.84381247 -0.8318445 -0.85601807
930	-0.46508026 -0.8705027 0.32029468 -0.401889
932	0.8574045 -0.94627887 -0.88799715 0.03319271
934	-0.08018923 -0.028479926 -0.6791136 -0.2783307
935	0.7180077 -0.98289245 -0.10356867 -0.8862511
937	0.8904115 -0.99381953 -0.96627784 -0.2468807
940	0.85440683 -0.96720177 -0.9066781 -0.6713624
941	0.8827832 -0.9379674 -0.7445388 -0.96646166
945	0.24595004 -0.7764146 -0.44771317 -0.8521088
950	0.69328916 -0.33249915 -0.8001862 -0.9847678
961	-0.08761717 -0.88261247 -0.5976331 -0.13268815
962	0.65080225 -0.84608746 -0.70055103 -0.9537197
963	0.8748281 -0.62933075 -0.8447511 -0.98249173
965	0.6863886 -0.963479 -0.45719904 -0.93391687
970	-0.025357869 -0.0908227 -0.4705251 -0.5589038
972	0.5735128 0.26140478 -0.9100243 -0.97521263
980	0.8213552 0.024434343 -0.9151473 -0.9562131
986	0.7713131 -0.8200555 -0.8074069 -0.9736626
996	0.3145371 0.5740601 -0.8545108 -0.96044934
999	0.6682737 -0.058441047 -0.48275012 -0.9712359
1007	-0.91536045 -0.27206713 0.84988713 -0.91943824
1012	0.8299654 -0.6432177 -0.9501697 -0.92279184
1019	-0.3873223 -0.5926228 -0.07310608 -0.71043867
1021	0.12551983 0.7857271 -0.9519211 -0.8345386
1022	-0.67844486 0.74148923 -0.96489745 -0.8059164
1025	-0.75058854 0.27350914 -0.08380655 -0.76955104
1032	-0.029292038 0.2742533 -0.7072071 -0.6382692
1034	-0.5937797 0.39198986 -0.7343532 -0.9543426
1035	0.8204179 0.93862617 -0.94282174 -0.99441755
1043	-0.7071624 0.39374018 -0.89678204 -0.3401723
1047	-0.3691853 0.9312647 -0.93079233 -0.9908409
1050	-0.22049609 0.7441383 -0.89670414 -0.9891572
1055	-0.8918412 0.87188333 -0.81329095 -0.94578123
1057	-0.27850464 0.53287387 -0.1679117 -0.97882074
1058	-0.8624521 0.8159548 -0.8185477 -0.8425253
1061	0.2091488 -0.04992293 -0.8293423 -0.9385667
1064	-0.8650597 -0.41095135 -0.71117085 0.5381398
1066	-0.7834121 0.8146484 -0.97185206 0.12763907
1067	-0.6258105 0.39184117 0.108762965 -0.98151165
1077	-0.95871437 0.24808119 -0.8506274 0.6570926
1078	-0.36937827 0.61602426 -0.7234765 -0.98471177
1079	0.36850023 0.004418526 -0.5009538 -0.8008001
1084	-0.87605625 -0.687022 -0.7558241 0.45546544
1086	-0.8102882 0.7435764 -0.7714803 -0.9569925
1087	0.049827494 0.439942 -0.48629302 -0.88141084
1088	0.19286004 0.2992409 -0.666128 -0.89116997
1089	-0.48895848 0.98953545 -0.94248116 -0.9950853
1093	0.014462335 0.5437201 -0.5748552 -0.77930146
1099	-0.2511369 -0.37078318 -0.44671175 -0.08316503
1100	-0.2656309 0.036345348 -0.39723745 -0.898728
1101	-0.9054191 0.0856086 -0.9488299 0.08133516
1102	-0.5362211 0.9782158 -0.96386147 -0.99348783
1104	-0.26023084 0.20462799 -0.96695495 0.04094015
1106	-0.38950264 0.991979 -0.8231844 -0.99385566
1108	-0.77591324 -0.06984261 -0.69224596 -0.42491126
1111	0.51052064 0.62844884 -0.9142078 -0.7140351
1114	0.84830475 -0.9376224 -0.81049585 -0.8919803
1116	-0.52836245 0.95559335 -0.88233405 -0.9844289
1118	-0.08238271 -0.45685935 -0.5338237 -0.65653205
1124	-0.8737557 -0.82619137 -0.16084929 0.52889085
1126	-0.008277476 0.68034387 -0.8605487 -0.9819447
1132	-0.00401628 0.78479123 -0.886786 -0.98959446
1133	-0.7168069 0.9375087 -0.901999 -0.021396225
1141	0.58603215 0.3456271 -0.8504486 -0.97759473
1146	0.36111504 0.47673142 -0.88799465 -0.99146605
1147	-0.8516668 0.9900198 -0.9459733 -0.8500129
1148	-0.14703594 0.9316633 -0.9299807 -0.98853415
1149	-0.1565968 0.59610474 -0.9177991 -0.10030437
1150	-0.58635914 0.9721047 -0.9296175 -0.98675084
1152	-0.4670333 -0.84277195 0.7106418 -0.88365304
1155	-0.4965879 -0.07810021 0.30787486 -0.6179666
1161	-0.9729341 0.62024015 -0.9759433 0.4669284
1163	-0.70104265 0.6984501 -0.74181944 -0.9412575
1167	-0.23171145 0.6304724 -0.9106144 -0.98995066
1168	-0.25530714 -0.41229588 -0.086781904 -0.8228651
1170	-0.414303 0.84557736 -0.90362453 -0.98828363
1172	-0.8204237 0.3552934 0.028922513 -0.8693538
1173	-0.9953935 -0.024796441 0.882596 -0.54650855
1178	0.3609432 0.80958706 -0.91462505 -0.98232746
1187	0.010396957 -0.52952516 0.13154803 -0.9610085
1188	0.18886018 -0.89852595 -0.7147758 -0.25640967
1199	-0.18370691 -0.5090922 -0.91428363 0.31512696
1203	0.083626114 -0.17578648 -0.113111556 -0.79830956
1204	-0.5233688 -0.4786121 -0.33005247 -0.0400958
1213	-0.61271346 0.9258063 -0.8618468 -0.98086333
1214	-0.7019596 0.9897664 -0.9613273 -0.9940984
1220	0.18541649 0.94826734 -0.94322693 -0.9809451
1222	0.0817133 0.8658084 -0.8618703 -0.9369508
1223	-0.000529089 0.943619 -0.9333787 -0.995927
1224	-0.841694 -0.48214686 -0.5418439 0.5313098
1231	-0.04001178 0.051674664 -0.5744493 -0.9788699
1235	-0.91166186 0.36274886 0.12098749 -0.9106078
1238	-0.29605493 -0.86541545 0.48124188 -0.75534225
1242	0.19438711 -0.50808436 -0.2988766 -0.94579273
1244	-0.31995344 0.9897443 -0.9565128 -0.9921046
1246	0.654549 0.3670156 -0.8620872 -0.98844373
1248	0.6498237 0.30572504 -0.8983537 -0.97360694
1249	-0.5748558 0.98670167 -0.83802485 -0.9919194
1251	-0.61376935 0.34613064 -0.6569887 -0.8958704
1253	0.06563939 0.6070199 -0.9047266 -0.9699645
1255	0.3452615 0.5639355 -0.90907687 -0.9929512
1256	-0.7876929 0.2800135 -0.7239674 -0.8044613
1259	-0.97054505 0.25211975 -0.9807131 0.9029341
1263	0.14258717 0.4753642 -0.88982135 -0.92972624
1264	-0.02679281 0.98686635 -0.948049 -0.9928177
1267	0.26268068 0.44393843 -0.78011346 -0.9882201
1269	-0.9660712 -0.15729733 0.44716075 -0.87312776
1270	-0.36915717 0.9903693 -0.97997725 -0.9894135
1283	0.39795315 0.33400875 -0.8608811 -0.9742874
1287	-0.9314211 0.6551414 -0.9162888 0.07017252
1288	0.19518626 0.8973453 -0.9364048 -0.98685706
1291	-0.54036444 -0.481826 -0.66121966 0.05944393
1296	-0.35800534 -0.12289879 -0.042268187 -0.6959156
1298	-0.34216478 -0.8607727 -0.20928614 0.3617885
1311	-0.76247776 0.9835576 -0.95160466 -0.9869788
1315	0.23630494 0.46324018 -0.8284086 -0.988156
1317	-0.87902486 0.28140548 -0.12435393 -0.870412
1322	-0.9938409 -0.037774593 0.869285 -0.637311
1325	-0.8998197 0.57479167 -0.5632184 -0.7453139
1337	-0.5001644 0.9731133 -0.9506956 -0.9832274
1347	-0.95376873 0.682722 -0.6707933 -0.73729134
1350	-0.46230996 0.6384979 -0.85092974 -0.9815253
1351	-0.7536833 0.19456448 -0.47097933 -0.75483847
1354	-0.65389895 0.32367015 -0.95478094 0.47642088
1360	-0.87910205 -0.9336897 0.47485673 0.071530804
1367	-0.805894 -0.495972 -0.8236698 0.63586056
1370	-0.015590966 0.7900709 -0.9168532 -0.98463154
1371	-0.980556 0.54543793 -0.06808005 -0.90950114
1375	-0.5098085 0.95453787 -0.949435 -0.9866764
1376	-0.36379606 0.46440947 -0.922426 -0.042324804
1380	-0.51544344 -0.8691647 0.794963 -0.9008211
1384	0.6496835 0.5164077 -0.8726547 -0.98458874
1385	-0.28320545 0.18505737 -0.9790133 -0.3697338
1386	-0.04878395 0.3975997 -0.86330545 -0.99023944
1388	0.77891445 -0.7667725 -0.63102734 -0.6593863
1391	0.7050573 -0.80605924 -0.5326381 -0.96287405
1392	-0.6249974 -0.8821919 -0.5337542 0.60670316
1393	-0.8481377 0.58806634 -0.27194884 -0.97491664
1394	-0.87184584 0.73136926 -0.75224084 -0.94150174
1395	0.15513875 0.48149133 -0.87761855 -0.84764785
1396	0.125341 0.22343582 -0.6723072 -0.7609997
1402	-0.22948131 0.80276906 -0.92533743 -0.99094427
1404	-0.33047062 0.98504543 -0.96946627 -0.9876132
1405	-0.42070308 -0.80382895 -0.4830044 0.098128304
1406	-0.14595492 0.9185122 -0.9144156 -0.9877301
1408	-0.26201946 0.7920149 -0.9604363 -0.9877207
1409	-0.9197532 0.0030790456 0.17978413 -0.3061337
1410	0.49315608 0.45982265 -0.797683 -0.9640888
1412	-0.54254943 -0.9075167 -0.5285876 0.5779011
1413	-0.73336864 0.9888213 -0.96392447 -0.99254155
1416	-0.3504385 0.086304985 -0.653885 -0.9004211
1418	-0.86427426 -0.20363075 -0.7504976 0.3329219
1424	-0.9704015 0.08436936 0.08834666 -0.5533389
1425	-0.89074874 -0.7751342 -0.20459145 0.1793882
1426	0.18914156 0.62740564 -0.78828305 -0.96681404
1428	-0.14816634 0.9836002 -0.9743427 -0.99333346
1433	-0.8409169 0.99510247 -0.9149679 -0.90951073
1434	-0.11794737 0.33709833 -0.7547373 -0.9623989
1437	0.00079736114 0.44019607 -0.86214626 -0.97930944
1438	-0.8209604 -0.21458155 -0.42313772 0.04194861
1441	-0.5542915 0.8234803 -0.7530885 -0.9919043
1444	-0.9589058 -0.032188177 -0.8932782 0.9807452
1445	-0.74748266 0.41180986 -0.12875128 -0.7840398
1446	-0.9248388 -0.3156321 0.28067958 -0.05242241
1447	0.6780904 0.69552696 -0.93899083 -0.98802495
1451	-0.9386838 0.5280938 -0.24379167 -0.40420252
1455	-0.9412737 0.005327061 0.4640612 -0.95527685
1460	-0.14646304 0.28084913 -0.6416721 -0.76014316
1464	-0.8287051 0.00014774315 -0.53738135 -0.45113495
1468	-0.93756765 0.5901698 -0.40360636 -0.9092452
1472	-0.55147254 -0.7704909 0.11273189 -0.30299345
1473	0.13601561 0.4447852 -0.59473264 -0.888736
1475	-0.98875207 0.44849098 -0.9452456 0.2804167
1479	0.13822187 0.86064196 -0.9688548 -0.9878212
1481	-0.76743114 0.9366572 -0.9833636 -0.6648667
1482	-0.5994837 0.032095343 -0.84251094 0.02572404
1486	-0.55353844 0.973933 -0.71061033 -0.99066937
1487	-0.4249872 0.9353778 -0.93130255 -0.919852
1488	0.181665 0.0022527575 -0.18664233 -0.99180067
1491	0.22573595 0.18194479 -0.85798264 -0.97281295
1493	-0.5911213 0.68257624 -0.91289246 -0.5943599
1494	-0.1367228 0.7911198 -0.9269451 -0.9907978
1496	-0.11596134 0.8059863 -0.92938507 -0.991856
1497	-0.87235034 -0.4252857 0.5375798 -0.57543486
1500	-0.15585782 -0.9846096 0.072995424 -0.00031592697
1501	-0.85056484 -0.08241463 -0.38031676 -0.3145835
1505	-0.8506644 0.5091976 0.13340884 -0.94433355
1508	-0.5053609 0.8383808 -0.8331056 -0.8276708
1510	-0.48557082 0.7951423 -0.9014582 -0.9703769
1512	-0.04196407 -0.7736643 -0.78632605 -0.2257215
1516	-0.59771836 -0.2254405 -0.617907 -0.19149837
1520	0.049382374 0.38293052 -0.65341085 -0.86961496
1522	-0.07169049 -0.8898722 -0.943092 0.8943763
1524	0.48768106 -0.96156645 -0.8693656 0.2675179
1525	-0.60891336 0.15446512 -0.008962879 -0.9018788
1527	0.56439024 0.4313646 -0.4751777 -0.9936379
1530	-0.90173596 -0.39322907 -0.8860879 0.65399843
1539	0.5964503 -0.1127425 -0.9115963 -0.48581308
1543	0.19171834 0.7993542 -0.9409092 -0.9910829
1545	-0.46657276 0.3914917 -0.8221539 -0.93872076
1549	-0.70611835 0.39688343 -0.8552636 -0.72371936
1550	-0.49476993 0.31530645 -0.76013005 -0.9557351
1552	-0.7735226 0.991943 -0.9642252 -0.9941499
1555	-0.8240557 0.92330885 -0.4050839 -0.9954703
1556	-0.16248679 0.26295888 -0.76422375 -0.8021166
1561	-0.7445705 0.20625082 0.10998413 -0.9429003
1562	0.20317978 0.81688845 -0.91981816 -0.994064
1564	-0.9727212 0.7208726 -0.9264035 0.5231779
1566	-0.88510185 0.030340904 -0.6195095 -0.27627522
1569	-0.029795855 0.6823497 -0.8871311 -0.91944176
1571	-0.644493 0.42643753 -0.6717458 -0.80784464
1574	-0.53533816 0.16880812 -0.13983755 -0.9313239
1577	0.44260997 0.48050672 -0.9022672 -0.9545553
1578	0.59606344 -0.17911655 -0.8927229 -0.8731424
1579	-0.13998263 0.30995187 -0.5591974 -0.9793014
1580	-0.46274537 0.45324528 -0.41251847 -0.8884033
1587	-0.22545056 0.9734808 -0.93912995 -0.9866804
1588	-0.7998632 0.7150954 -0.7997527 -0.41255593
1591	-0.068121165 0.5142478 -0.8977506 -0.98976254
1592	-0.0072922856 0.48474285 -0.73669213 -0.88214254
1602	0.9051212 -0.040744275 -0.8844213 -0.988881
1606	-0.17986782 -0.009242039 -0.541926 -0.6712007
1607	-0.94803584 0.33400467 -0.83019996 0.61338276
1613	-0.9506203 0.22364195 0.65837973 -0.77480495
1614	-0.63080573 0.3228792 -0.78928983 -0.88263285
1615	-0.95146835 0.19585517 0.06298034 -0.124971956
1617	-0.16143511 0.19271526 -0.79295963 0.11658326
1620	0.016869545 0.032949723 -0.7551038 -0.5008154
1622	0.78895795 0.4659961 -0.899397 -0.994607
1625	-0.052786306 0.7928864 -0.8556527 -0.97786593
1628	0.2970389 0.7638794 -0.9241238 -0.9875603
1631	0.038581647 -0.74354696 -0.4544847 -0.65902174
1639	-0.5752764 0.720651 -0.92986417 0.16021994
1641	-0.35779834 0.89129966 -0.8808725 -0.9892344
1648	-0.29223728 0.87462854 -0.96891826 -0.9114549
1649	-0.00992417 0.62111974 -0.88747966 -0.9930783
1650	-0.65242684 0.5099287 -0.92920166 -0.81278765
1653	-0.6800772 0.52804387 -0.92180526 -0.690503
1656	0.1099089 0.04591715 0.041100174 -0.95720494
1661	-0.38759553 0.31274176 -0.7925848 -0.9681093
1664	-0.3456316 0.9937599 -0.9314414 -0.99559104
1665	-0.38082182 0.7334635 -0.90799105 -0.98665327
1667	0.26343626 0.18383138 -0.572727 -0.9222686
1668	-0.38226986 0.5065246 -0.82541156 -0.9832231
1675	-0.89983475 0.7534684 -0.8401833 -0.8993756
1678	0.15197974 0.5434646 -0.7436854 -0.9290415
1680	-0.8216962 0.056695074 0.01767015 -0.972647
1684	-0.13163462 0.655956 -0.88257474 -0.99393976
1688	0.65915394 0.75925624 -0.93853253 -0.9885165
1695	-0.44753337 0.81296563 -0.9238895 -0.97503626
1696	-0.6313164 0.4627762 -0.5340606 -0.9684403
1698	-0.74290925 0.71692336 -0.9148306 -0.7770885
1706	-0.35116282 0.8633233 -0.8465265 -0.9728543
1710	-0.81073225 0.9464618 -0.07329408 -0.9816984
1713	0.09183608 0.28512955 -0.75693816 -0.9605136
1715	-0.63440585 0.36964694 -0.33891118 -0.94527036
1717	-0.6644309 0.5415704 -0.93688524 -0.30683476
1720	-0.39303356 0.5446707 -0.619602 -0.95712006
1721	-0.5883523 0.5224869 -0.16355896 -0.96517694
1723	-0.91320384 0.14406887 -0.36807677 -0.35754305
1724	0.043568127 0.59679335 -0.79143447 -0.93543696
1725	-0.9597199 0.34296188 -0.9766927 0.9638418
1726	0.07801685 0.88323945 -0.933835 -0.9922117
1728	-0.25699723 0.75988644 -0.6612443 -0.97323155
1730	-0.34654376 0.47932088 -0.6509955 -0.8838777
1732	-0.22220562 0.9311608 -0.70907795 -0.99624974
1735	-0.42949525 0.5276832 -0.86904883 -0.9696342
1736	0.34185553 0.35322404 -0.7616795 -0.9532768
1740	0.039705753 0.18706417 -0.18793413 -0.6921278
1742	0.27295363 0.36915025 -0.8507266 -0.86834234
1743	-0.26660556 -0.45089978 -0.23642495 -0.9090179
1744	-0.20385107 0.89363337 -0.94548655 -0.98540294
1751	0.57884353 0.3892662 -0.83226943 -0.97517765
1752	0.28222948 0.9160434 -0.9175068 -0.9912251
1760	-0.8426459 -0.7548305 0.5044842 -0.5537706
1762	-0.83969104 0.949794 -0.892558 -0.5250648
1763	-0.61565137 0.30134636 -0.9806147 0.5747246
1764	-0.31806326 0.31275183 -0.8068452 -0.96463263
1771	-0.41407993 0.38051793 -0.5300199 -0.9407271
1778	-0.84327435 -0.7205473 0.4436785 -0.74376494
1780	-0.97644675 -0.29056668 0.83653486 -0.7647112
1786	-0.37554735 0.2982162 0.2418176 -0.8737682
1789	0.16851158 0.49461967 -0.87796915 -0.9795542
1791	-0.66040695 0.019008681 -0.5753889 0.0017099455
1795	-0.4665578 0.40517154 0.38142037 -0.9021404
1798	-0.05398702 0.6237015 -0.33604693 -0.8477729
1805	-0.8338026 -0.007838026 0.02810429 -0.6822941
1806	0.7429726 0.5571252 -0.87992775 -0.99619627
1807	-0.7658702 -0.87530386 -0.1241855 0.41189682
1810	-0.948826 0.41115543 -0.032837547 -0.6396255
1811	-0.48704025 0.77119243 -0.95681167 -0.22120832
1817	-0.6881446 0.34835762 0.3292742 -0.9408382
1818	-0.4703561 0.7212896 -0.83963424 -0.8771784
1822	-0.69414055 0.9974634 -0.9526397 -0.9127076
1823	0.07663495 0.65906125 -0.86430895 -0.757265
1824	-0.9776342 -0.24333157 0.8894166 -0.8393114
1825	-0.19860405 0.88629127 -0.90688914 -0.9886588
1829	-0.7095041 0.25130743 -0.6346844 -0.9138191
1830	-0.4833561 -0.47288576 0.6645084 -0.5210695
1834	-0.862337 0.86891294 -0.8985319 -0.645676
1836	-0.5761981 -0.11481097 0.14895985 -0.47985598
1837	0.80575776 0.53606385 -0.89293134 -0.9895293
1838	0.057716794 -0.3133641 -0.336553 -0.9257574
1841	-0.9624367 0.90650976 -0.98082304 -0.5091672
1845	-0.3901543 0.9769407 -0.9371246 -0.9873563
1847	-0.05883523 -0.67419803 -0.0139249265 -0.80556846
1855	-0.71162224 0.98952484 -0.97803295 -0.9896706
1857	-0.7031848 0.9418473 -0.9359516 -0.98708963
1858	-0.6076176 0.99479485 -0.945276 -0.994305
1862	-0.9084302 0.40378544 -0.84627414 -0.51017904
1865	0.20652294 0.80021024 -0.9223744 -0.9930413
1873	0.41845882 0.3752565 -0.818546 -0.94159174
1875	0.43862045 -0.7168694 -0.3192584 -0.20150176
1876	0.06901243 0.6111749 -0.8417597 -0.9852791
1879	-0.9378743 0.9440383 -0.9869057 -0.6595365
1882	-0.7928169 0.9648807 -0.87190473 -0.9884677
1885	-0.8873182 0.090242445 -0.9520365 0.022727221
1886	-0.6026342 0.3472266 -0.6831801 -0.7880347
1889	-0.703737 0.95818114 -0.8909689 -0.98685384
1891	-0.87180114 0.88391805 -0.9028963 -0.5496839
1892	-0.18128265 0.39214474 0.14831263 -0.97630215
1895	-0.40892807 -0.37084892 -0.7487004 -0.1847092
1896	-0.81191105 -0.5184396 -0.061835296 0.4519137
1897	-0.8035599 0.10092777 0.05680459 -0.40197048
1902	-0.48423517 0.48047617 -0.016865257 -0.99093103
1906	-0.57896703 -0.626729 -0.6431031 0.74886507
1912	-0.22749141 0.0877742 -0.6240673 -0.86881167
1914	-0.6922519 0.7730707 -0.86010075 -0.9080696
1915	-0.4177479 -0.19882041 -0.97699213 0.99262875
1922	-0.96578836 0.73837703 -0.96393585 0.3287452
1923	-0.3053554 0.9787165 -0.9572346 -0.99028254
1925	-0.4702822 0.9565617 -0.9380941 -0.9342775
1928	-0.28149572 0.2678522 -0.75605845 -0.8944379
1933	0.1518055 0.4058544 -0.8804022 -0.9690739
1934	-0.8937632 0.97480637 -0.87372565 -0.98587
1935	-0.018623468 0.57736504 -0.8748114 -0.9881459
1936	0.9395497 -0.030141626 -0.80998755 -0.9610499
1941	-0.8082169 -0.85605836 0.34941158 -0.16765098
1947	0.22347263 0.7344891 -0.9460121 -0.9907912
1951	0.0099571645 0.7850574 -0.9378607 -0.9927074
1954	-0.47649637 0.77837837 -0.67528707 -0.9869229
1957	-0.91512465 0.7052647 -0.8857939 -0.6160809
1958	-0.74054766 0.98228383 -0.9250858 -0.98820186
1960	-0.48811224 0.19275934 -0.41514432 -0.9255054
1962	-0.9938818 0.018217161 0.9199176 -0.8552992
1963	-0.8050589 -0.33628178 0.50378287 -0.8745336
1965	-0.7318409 0.61827385 -0.27407968 -0.96248835
1971	-0.7833371 0.26831052 -0.4125996 -0.70115846
1972	-0.12586334 0.48208445 -0.81802607 -0.85327435
1977	-0.8315091 0.8494798 -0.89002275 -0.23731565
1978	-0.7786534 -0.3919934 -0.8561158 0.45103526
1982	0.014281642 0.5003456 -0.88947475 -0.9937023
1984	-0.25036964 0.8146116 -0.68433374 -0.99392366
1988	-0.23761913 0.6483915 -0.9003921 -0.987754
1993	0.39058718 0.3858482 -0.8951594 -0.9848907
1995	-0.076499775 0.53945225 -0.86560225 -0.9582006
2001	-0.6090807 0.7185569 -0.98099005 0.7546592
2005	-0.7533668 0.08060543 -0.73516774 -0.42425957
2008	-0.9598626 0.43026045 -0.71780837 -0.5253519
2012	-0.85947394 0.3480813 -0.26683107 -0.8391899
2014	-0.19144222 0.8939936 -0.9496825 -0.99183404
2017	-0.07625002 0.45631933 -0.79896533 -0.9947288
2021	-0.52972025 0.18757108 -0.78100526 -0.75083536
2022	-0.267168 0.56783676 -0.7782231 -0.9931972
2023	-0.34976834 0.75535214 -0.9171968 -0.97859865
2025	-0.86527705 0.43096846 -0.40187314 -0.93470144
2026	-0.31558025 0.480972 -0.9777851 -0.94592005
2028	-0.91480875 0.09873411 0.62237275 -0.91366327
2036	-0.86213714 0.67305744 -0.7556094 -0.89045805
2039	-0.00876135 0.26080915 -0.7052424 -0.98568594
2041	-0.1661068 0.9190804 -0.9264021 -0.98845685
2049	-0.9206053 -0.42586464 -0.7807945 0.41337955
2051	-0.8753334 0.3925923 0.5655465 -0.93531835
2052	-0.62411535 -0.3841695 -0.6797999 -0.28342336
2053	-0.98018575 -0.22630544 -0.98785317 0.9827763
2062	-0.4111817 -0.3176793 -0.8217531 0.07583981
2066	-0.11111437 0.7369455 -0.94913113 -0.9719316
2068	-0.84130955 -0.3842991 0.44604507 -0.7936512
2070	-0.6282463 -0.8181806 0.46878916 -0.9248686
2072	-0.80284506 -0.8401723 -0.24243814 0.55169517
2075	-0.8468025 -0.76765156 0.41700995 -0.32982734
2081	-0.43254787 -0.8517338 0.5998398 -0.72629565
2096	0.063061416 -0.9424763 0.4836813 -0.035205714
2101	-0.9081206 0.013558455 0.2573217 -0.76182634
2102	-0.92793447 -0.8195727 0.26283836 -0.14692613
2104	-0.33128148 -0.7608342 0.3773705 -0.44631362
2106	-0.8444704 -0.85709536 0.709566 -0.8176959
2110	-0.7075101 -0.9664483 -0.44587246 0.56823605
2116	-0.32318997 -0.9799094 0.81613123 -0.60555375
2117	0.12038712 -0.25011313 0.33210045 -0.9902476
2118	-0.9539733 -0.22999215 -0.9684818 0.93224037
2122	-0.9322516 -0.95926857 0.9980192 -0.98363227
2123	-0.2864973 -0.7882683 0.008386657 0.09040144
2126	-0.87183714 -0.70573866 0.6554426 -0.88059574
2127	-0.34893912 -0.86213326 0.72263956 -0.9462174
2128	-0.6839257 -0.52641445 0.8481232 -0.9388999
2136	-0.7539582 0.022989936 0.8463879 -0.9264388
2137	-0.075342834 -0.30535868 0.06390792 -0.9154644
2138	-0.9058983 -0.21364395 0.36890593 -0.6647941
2143	-0.8918401 0.012345359 0.6770079 -0.8583214
2147	-0.9608078 -0.37653098 0.7424506 -0.68472433
2152	-0.93901706 -0.95014346 0.9919236 -0.97487986
2154	0.8744538 -0.98915875 -0.5804875 -0.8633802
2160	-0.70357513 -0.7147528 0.9471934 -0.74915576
2168	-0.7782618 -0.8359564 0.7859781 -0.5801387
2169	-0.47572133 -0.20409171 0.40164274 -0.70764387
2170	-0.44701818 -0.1040951 0.60152173 -0.76686007
2176	-0.83581716 -0.9298036 0.6767685 0.16521156
2179	-0.40863895 -0.87441087 0.47971123 -0.38751298
2182	-0.46415856 -0.9104114 0.85147655 -0.9429873
2184	-0.27096137 -0.9697194 -0.7543789 0.7320899
2191	-0.9856533 -0.64800084 -0.57808197 0.88792765
2195	-0.4937796 -0.6217053 0.5998235 -0.96618986
2200	-0.779853 0.06509323 0.033714756 -0.99301034
2201	-0.64222217 -0.53800976 0.28088707 -0.9349408
2205	-0.40051153 -0.5772208 0.51300323 -0.9428102
2207	-0.6521102 -0.8734076 0.79687357 -0.88691735
2210	-0.37922508 -0.9650343 0.20175132 -0.48832422
2213	-0.86435664 -0.3361814 -0.07078424 -0.36788353
2217	-0.9443449 -0.6146549 0.44689792 -0.065319255
2218	-0.30273983 -0.62025636 0.0041648746 -0.93587685
2220	0.778878 -0.25357428 -0.86188686 -0.986506
2221	-0.52386147 -0.925454 0.8474355 -0.74164164
2225	-0.7671827 0.8402016 -0.79864144 -0.9282332
2229	-0.9874197 -0.2147149 0.86724603 -0.75607765
2231	-0.95786023 -0.9235471 0.9840156 -0.92325807
2234	-0.39933807 -0.89476347 -0.042402387 0.24245888
2237	-0.8001201 0.3074648 0.31605256 -0.9266175
2239	0.41143668 -0.4395611 -0.9382938 -0.4120941
2240	0.65209436 -0.6978777 -0.9489959 -0.44727865
2242	-0.72729236 -0.7054137 0.5974281 -0.8672141
2246	-0.7003314 -0.7599869 0.23560426 -0.33647507
2247	-0.43242338 -0.7299323 0.27284724 -0.7951571
2248	-0.4868232 -0.8213487 0.60467243 -0.9792361
2253	-0.48204812 -0.8433211 0.62595975 -0.90371066
2255	-0.93175954 0.112436086 -0.37882778 -0.26732102
2256	-0.78242767 -0.8917402 0.7737235 -0.6422968
2262	-0.81060416 -0.7634269 0.2748207 -0.63425505
2265	-0.53145546 -0.70829254 0.29107288 0.09006298
2267	0.09788954 -0.982551 0.3969971 -0.45995495
2268	-0.33617133 -0.89473754 0.27913973 -0.7853119
2269	-0.3692403 -0.81191444 0.08980092 -0.81052226
2270	-0.97150075 0.62640274 -0.06977655 -0.77513355
2272	0.022292718 0.36956036 -0.3576322 -0.9852868
2273	-0.33201694 0.21480441 -0.13727938 -0.9713055
2276	-0.9767246 -0.9490936 0.99670005 -0.704992
2278	-0.48154682 0.052421823 -0.9587227 -0.1710265
2279	-0.21605772 -0.39397144 -0.83636165 0.15041912
2286	-0.8384364 -0.5339384 0.96124625 -0.8491192
2288	-0.9649471 0.035725787 0.43742156 -0.78085554
2291	-0.53319246 -0.9225769 0.6634152 -0.894788
2295	0.20424423 -0.9699837 0.44383377 -0.63781995
2300	-0.9728185 -0.8960103 -0.044529617 0.8472731
2301	-0.90138876 -0.96342975 0.9990728 -0.97057915
2302	-0.30141735 -0.82475203 -0.5688502 0.051983356
2303	-0.57194245 -0.8460183 -0.49452293 0.3493201
2308	0.9175973 -0.514553 -0.050787836 -0.91908956
2310	-0.97838384 -0.5249366 0.9306035 -0.89418375
2315	-0.7205646 -0.7678687 0.76104176 -0.9418282
2316	-0.49451357 -0.3761976 0.4743723 -0.9917097
2317	-0.8187387 -0.6939137 0.9830998 -0.990545
2319	-0.4900729 -0.8581472 0.4903595 -0.7484696
2321	-0.44077936 -0.79195917 0.3451691 -0.86056083
2322	-0.87264514 -0.60676706 0.4994967 -0.715094
2324	0.11691547 0.32779643 -0.8671206 -0.13638674
2328	-0.6295364 -0.933877 0.72750026 -0.7191297
2334	-0.79030836 0.05008796 0.49611276 -0.657786
2336	0.3422433 -0.83753747 -0.5556395 -0.844772
2339	-0.9264976 -0.3844978 0.39797407 -0.26521274
2341	0.66274136 -0.98770654 0.3998491 -0.7724477
2346	-0.86019933 -0.77214706 0.042384103 -0.40483266
2347	-0.99712825 0.015323415 0.961849 -0.81195736
2348	-0.8472104 -0.9179137 0.8100968 -0.63111734
2349	-0.36524734 -0.9244084 -0.23867868 0.48316634
2354	0.06706139 -0.82766724 -0.99367684 0.988914
2355	-0.9580601 0.7396033 -0.96910036 0.32912347
2358	-0.43576035 -0.912195 0.7703351 -0.78496087
2363	-0.8682554 -0.2509434 0.052822087 -0.20076525
2364	-0.7187013 -0.9636028 0.9840591 -0.9845084
2366	-0.7639866 -0.9161036 0.45214233 0.45467454
2367	-0.64933026 -0.8667153 0.96372914 -0.9877517
2370	0.08000584 -0.9436189 0.6915512 -0.018328913
2371	-0.4441435 -0.9055034 0.5055008 -0.5858489
2374	-0.767475 0.87082773 -0.9022475 -0.43910998
2378	-0.96645033 -0.42253655 0.7564349 -0.14281431
2384	-0.37836537 -0.24113587 0.4981739 -0.8881576
2385	0.3922944 0.22923182 -0.59187376 -0.94721967
2386	0.2318438 -0.6354096 0.072937295 -0.9487078
2387	-0.61182886 -0.5027767 0.7069706 -0.95428085
2388	0.2827158 -0.80966324 0.19646037 -0.89939004
2390	-0.3386835 -0.4306365 -0.6531172 0.19386141
2392	-0.9895939 -0.5290358 -0.92779267 0.9176525
2400	-0.9920441 -0.111271575 0.941985 -0.8479427
2403	-0.67894024 -0.9662913 0.9699534 -0.90692544
2406	-0.14788735 -0.9696636 0.04064718 -0.057221487
2407	-0.8251406 -0.49888653 0.87648547 -0.8921367
2412	-0.48080784 -0.102890745 0.38966468 -0.8985302
2413	-0.81472266 -0.86724854 0.3813846 0.16012473
2416	-0.90190077 0.44942605 0.639737 -0.9404514
2417	-0.09060524 -0.8254276 -0.6931753 -0.08788057
2429	-0.6111625 -0.9602489 0.9982856 -0.9828992
2434	0.3288762 -0.760781 0.1163358 -0.17280275
2435	-0.92575485 -0.16008976 -0.12849152 -0.14706281
2438	-0.15729712 -0.9808787 -0.2990852 0.8896763
2445	-0.41507193 -0.9383035 -0.17779449 0.11548264
2446	-0.32973626 -0.88221407 0.5494322 -0.9439299
2449	-0.9862195 -0.3669558 0.9195126 -0.6330609
2455	-0.46241915 -0.84877867 -0.40116727 0.21991742
2459	-0.7463251 -0.8589995 0.9066582 -0.5126109
2464	-0.09978673 -0.98408854 0.4030596 -0.053845014
2470	-0.8086362 -0.72939783 0.40443873 -0.7175175
2474	-0.760953 -0.79072416 0.20298424 -0.21745849
2475	-0.736092 -0.9854349 0.9089196 -0.88103807
2478	0.31949142 -0.889482 -0.14721589 -0.61712766
2481	-0.9939231 -0.217705 0.7877544 0.07708127
2482	-0.61173135 -0.9321448 0.19827041 -0.5451944
2486	-0.66757184 -0.87693954 0.6274615 -0.8028572
2487	-0.92910564 -0.4271074 0.61414206 -0.7753604
2488	-0.2258611 -0.67286974 0.5404836 -0.8470068
2489	-0.6527479 -0.73524463 0.8954959 -0.9580343
2492	-0.93775237 0.07601178 -0.08414632 0.1072889
2494	-0.68677974 -0.9279556 0.62609065 -0.6810325
2499	-0.9559963 0.5675453 0.81684566 -0.9766785
2501	-0.3390406 -0.7461394 0.4753077 -0.57455915
2505	-0.9910275 -0.10491878 0.89918005 -0.7868195
2508	-0.7930159 0.25278518 -0.90009874 -0.45711946
2509	-0.85215455 -0.46179187 0.650987 -0.9202104
2511	-0.32861432 -0.95901346 0.22503877 0.66656137
2512	-0.44051924 -0.69296813 0.0055070966 -0.30503994
2513	-0.37300593 -0.85565615 -0.30927002 0.13295117
2515	-0.9090551 -0.3923217 0.6705666 -0.81493855
2520	-0.9465065 -0.28037518 0.51312184 -0.43715617
2521	-0.95961595 -0.2088512 0.6999338 -0.6705033
2525	-0.22832163 -0.39710295 0.025473684 -0.8287105
2526	-0.81170124 -0.5733057 0.40142924 -0.60616
2528	-0.5494652 -0.9036834 0.5826839 -0.7003025
2529	0.8495753 0.5786556 -0.9241444 -0.99361336
2530	-0.37931746 -0.55909306 0.39823136 -0.56689036
2531	-0.74501747 -0.68232214 -0.29443905 0.27195865
2538	-0.7657858 -0.5872747 -0.09343084 0.028486952
2540	-0.82064986 -0.12712787 0.60551 -0.92494524
2542	-0.57390964 -0.89760303 0.056678116 0.17074002
2544	-0.94853127 -0.9341778 0.99682677 -0.9856068
2547	0.5779557 -0.81187177 0.30225447 -0.9765046
2549	-0.79298174 -0.40029103 0.86676747 -0.94634086
2551	0.38009962 -0.9831302 -0.07694736 -0.42290655
2560	-0.9300478 -0.956797 0.99773467 -0.9534646
2564	-0.8560024 0.12678668 0.21876965 -0.83867204
2565	-0.85964143 0.16291508 -0.5087085 -0.7852291
2567	-0.88528717 -0.39322552 0.48689556 -0.18005237
2568	-0.8933159 -0.6116375 0.4383715 -0.7016001
2569	-0.97367096 -0.9354181 0.99814457 -0.9704242
2577	-0.60433567 -0.23792717 -0.15678859 -0.9122375
2578	0.7324697 -0.96464825 0.4533992 -0.9597891
2580	-0.8702619 -0.82071805 0.47815585 -0.42217213
2581	-0.073185295 0.26128864 -0.2781055 -0.93497515
2586	-0.84096026 -0.8875087 0.9277823 -0.9677899
2587	-0.86978877 -0.8473965 0.619547 -0.8123382
2591	-0.3054028 -0.8106421 -0.0376949 -0.7701577
2594	-0.19464996 -0.4364521 0.35524595 -0.7641564
2596	-0.7797785 0.9575509 -0.6574145 -0.98019636
2599	-0.8222259 -0.46232545 0.56654274 -0.8056526
2600	-0.8679377 -0.6452024 0.37884012 -0.55571926
2601	-0.9051974 -0.24970736 -0.9783007 0.8808753
2602	0.1982644 -0.8770958 -0.5297123 -0.24356405
2603	-0.8109175 -0.6498482 0.41475207 -0.8049464
2604	-0.7684751 -0.89028144 0.7787761 -0.8229711
2605	0.08780962 -0.4701708 0.19649924 -0.91880876
2607	0.5340831 -0.44948706 0.6811125 -0.9822169
2613	-0.35204265 -0.7874598 0.4142984 -0.7896453
2614	-0.30970928 -0.7837293 0.3951385 -0.95054406
2618	-0.71596783 -0.38620606 0.036618568 -0.80106974
2619	-0.86547166 -0.90723103 0.49136406 -0.38282096
2621	-0.74743646 -0.541381 0.4463521 -0.28557995
2622	-0.7642834 -0.76747376 0.61439884 -0.8787514
2624	0.16711196 -0.89379716 -0.7796577 0.12546505
2626	0.0049437284 -0.5741977 0.40277773 -0.8951678
2631	-0.71215844 -0.41771153 0.16253076 -0.41800526
2633	-0.12553495 -0.6508863 -0.077662274 -0.9550879
2638	-0.6277888 -0.8658271 0.975677 -0.9928447
2639	-0.27250654 -0.42042473 -0.75044006 0.048658535
2642	0.3501023 -0.40525794 -0.6604154 -0.94208217
2644	-0.79784894 -0.67355907 -0.92917204 0.9651088
2647	-0.4808289 0.077434324 0.534557 -0.98621535
2650	-0.13487998 -0.9616505 0.2832207 0.3720119
2654	-0.91621625 -0.45697382 0.6493393 -0.5177623
2656	-0.7990926 -0.7609185 0.52618665 -0.67010766
2657	-0.9158499 -0.53238225 0.9528674 -0.734684
2658	-0.3536629 -0.9208602 0.3151691 -0.3203402
2659	-0.9169798 -0.48758012 0.050524503 -0.091189116
2660	-0.90144396 -0.78604215 0.3941363 0.27046603
2662	-0.87857866 0.10210067 -0.024526194 -0.5792824
2664	0.2991767 -0.8949834 0.1448194 -0.9487698
2666	-0.7852959 -0.8968149 0.8443123 -0.9350884
2670	0.29297346 0.48000133 -0.8650419 -0.99120617
2673	-0.69722867 -0.7860964 0.35293236 -0.6991114
2676	-0.81510913 0.980051 -0.29641142 -0.99422526
2678	-0.74879146 -0.8645803 0.56692326 -0.5905633
2682	-0.5957998 -0.8371612 0.5612846 -0.80793476
2686	-0.8956467 -0.3217849 0.0414778 0.038337678
2688	-0.8650135 -0.32352775 0.2387861 -0.17992656
2691	0.48598063 -0.96854 -0.13088046 -0.33037198
2693	0.8863133 -0.9662301 -0.90754557 -0.17899197
2696	-0.1605806 -0.45781955 0.31232733 -0.6633259
2698	-0.8693143 -0.121498294 0.3651846 -0.4727219
2701	0.06973119 0.9826373 -0.9144602 -0.96975815
2703	-0.43176687 -0.9192866 -0.18905205 0.3561636
2704	0.42050982 -0.9856079 0.06649256 -0.41155064
2706	-0.597062 -0.4804942 0.3337636 -0.52613854
2709	-0.96122193 -0.5806166 0.82641673 -0.78486514
2713	0.17750695 -0.9895307 -0.35794085 -0.07336095
2715	-0.97999066 0.6673466 0.83445585 -0.9609009
2716	-0.0066461563 -0.94939876 -0.008628488 -0.5848539
2717	-0.59858763 -0.9745148 0.76692635 -0.88838744
2720	-0.7342432 0.5746082 -0.11480796 -0.5587961
2721	0.16882446 -0.36408433 0.60893565 -0.96498394
2723	-0.9961792 -0.09572762 0.96320814 -0.7563988
2725	-0.9955249 -0.3048312 0.93970513 -0.7008966
2726	-0.92368555 -0.49746397 0.65949214 -0.81267226
2727	-0.9813117 -0.35276493 0.74000734 -0.46099022
2728	-0.9779523 -0.17007527 0.91772974 -0.84510446
2729	-0.54197526 -0.913618 0.79807115 -0.9147605
2731	-0.9960023 -0.49628907 0.94348377 0.11894664
2735	-0.4873201 -0.540527 0.6995081 -0.9920852
2743	-0.8940899 -0.3945365 0.7046051 -0.16354434
2744	-0.9952837 -0.42391145 0.9431423 -0.77119255
2745	-0.42442274 -0.9891993 0.5611073 -0.6958559
2748	0.3267414 0.3031674 -0.6207825 -0.98782706
2751	0.009001702 -0.9898552 0.9836582 -0.94445384
2753	-0.52401453 -0.94137305 0.19975604 -0.16429159
2756	0.054157168 -0.868502 0.42420128 -0.92341506
2757	-0.8900424 -0.8016851 0.997519 -0.9790991
2763	-0.2705742 -0.76838446 0.20502844 -0.08708674
2767	-0.81075525 -0.79908216 0.40842384 -0.33699366
2769	-0.35472104 -0.9834974 0.4313877 -0.47003704
2772	-0.99308324 -0.118881434 0.9553546 -0.8416498
2774	-0.4718707 -0.57968825 0.25848058 -0.80140597
2776	-0.67774874 -0.7725786 -0.16219664 0.22509502
2788	-0.99172765 -0.061125815 0.9260545 -0.8577803
2791	-0.6738522 -0.8342395 0.87723553 -0.8627299
2794	-0.60342795 -0.61606216 -0.17792214 0.08754958
2795	-0.9612032 -0.6544808 0.7127859 -0.7719257
2801	-0.9521675 -0.3302036 -0.4186887 0.23735204
2803	-0.75058067 -0.40425658 -0.23634942 -0.19749315
2804	0.063259184 -0.9591291 0.16216725 -0.82215595
2807	0.56956595 -0.9897008 -0.22835657 -0.102516085
2808	0.25424734 -0.90816057 -0.06819234 -0.47909036
2809	-0.88714486 0.9050344 -0.8704338 -0.90008694
2817	-0.54775965 -0.5200219 0.50317687 -0.5954173
2821	-0.8518687 0.25370553 0.38329604 -0.6892803
2822	-0.7227584 -0.5478921 0.801466 -0.9075196
2823	-0.8339826 -0.78537077 0.6938548 -0.29824266
2829	-0.92807114 -0.18764873 0.0077001154 -0.36813092
2832	-0.7986175 -0.51021653 -0.43332073 0.41383412
2833	0.4153 -0.7267612 0.69637257 -0.9679483
2834	-0.13720928 -0.9842603 -0.3945909 0.8878442
2839	-0.8946446 -0.46197253 0.8586416 -0.91914773
2846	-0.9039236 -0.39985728 -0.52624047 0.22528177
2850	-0.8089007 -0.32776532 0.4394713 -0.73558545
2857	-0.7598516 -0.48097214 0.19424775 -0.24186365
2858	-0.83711433 0.09234993 0.20628442 -0.7038132
2864	-0.5201059 -0.47086126 0.090904936 -0.3037955
2865	-0.6696685 -0.9399556 0.8906214 -0.9561732
2866	-0.8850188 0.2571786 0.6324016 -0.97108185
2867	-0.82392514 -0.069766566 0.28213373 -0.3859059
2869	0.2625441 0.4406866 -0.8943275 -0.9852911
2872	0.54552436 -0.79373664 -0.34394622 -0.9501803
2876	0.06561282 -0.9936379 0.93825734 -0.84160316
2878	-0.62189466 -0.90309274 0.01931429 -0.35568047
2883	-0.8775282 -0.4504706 0.33888555 -0.8234913
2884	-0.9411878 -0.91215193 0.9448652 -0.56369025
2885	-0.8266932 -0.64090794 0.34185672 -0.52547246
2886	-0.7425034 -0.6133814 0.58333457 -0.9267963
2887	-0.2595314 -0.9612353 0.8578584 -0.9610383
2889	-0.3711873 -0.34575558 0.46470097 -0.76291084
2896	-0.9606925 0.26849586 0.47679642 -0.447037
2900	-0.99436283 -0.28431103 0.9421876 -0.6923027
2901	-0.29545906 -0.91354656 0.29740143 -0.9125768
2907	0.12708011 -0.73518413 0.5673556 -0.92831206
2908	-0.68673617 0.9750183 -0.94051075 -0.9937515
2910	-0.46541983 -0.7909598 -0.043077476 -0.6878618
2913	-0.4169688 -0.7278166 0.36550736 -0.44898129
2915	-0.625384 0.5344274 -0.85819024 -0.71422625
2916	-0.034154095 -0.9449582 0.83180267 -0.9465625
2920	-0.6872945 0.65475595 -0.63001966 -0.8948707
2922	-0.850241 -0.69875515 0.33734953 -0.4452891
2924	0.4720238 -0.49139607 0.37859678 -0.98454237
2928	-0.89485204 0.4067375 -0.90264845 -0.26356214
2932	-0.8016467 -0.91093796 0.9966639 -0.92317
2936	-0.80895257 -0.4856748 0.5900837 -0.8486854
2939	-0.9624871 -0.08695775 0.74705714 -0.75965726
2943	-0.285234 -0.67409194 0.040089913 -0.92246896
2946	-0.57719815 -0.3969078 0.38854182 -0.7649906
2947	-0.06803954 0.06745291 -0.7165236 -0.6794318
2950	-0.8647599 -0.8386276 0.4978457 -0.28293508
2952	-0.95188546 -0.83368844 0.6496123 -0.5275584
2953	-0.8253824 -0.58217907 -0.015491284 -0.4020338
2955	-0.2860043 -0.9833672 0.099426664 -0.13099861
2956	-0.98586875 -0.7657442 0.9707476 -0.9012127
2957	-0.89662325 -0.8599628 0.72109944 -0.6656854
2968	-0.07893525 -0.86391133 0.09256102 -0.59263873
2969	-0.98973525 -0.13259245 0.80623347 -0.5802208
2971	-0.9145534 -0.1259599 -0.79152524 0.45712286
2972	0.10948737 -0.7979872 -0.5025432 -0.687353
2973	-0.8464172 -0.9848936 0.3016612 0.04045413
2979	-0.80842346 0.2886377 0.28114575 -0.9061777
2982	-0.9842527 -0.33503532 0.88326377 -0.54249406
2984	0.07792377 -0.94026995 0.5525734 -0.9501568
2985	-0.29545254 -0.7463801 0.08731765 -0.8427571
2986	-0.8477068 -0.26070413 0.7175338 -0.9673726
2987	-0.9955933 -0.5777775 0.25343725 0.84268975
2988	-0.5540329 -0.17020576 0.07724826 -0.03030091
2990	-0.8397137 -0.81516767 -0.5203314 0.3992959
2991	-0.51318103 -0.9549558 0.49924675 -0.10378648
2993	-0.44739598 0.29758894 -0.64063203 -0.887784
2995	-0.24182972 0.7248812 -0.68324566 -0.97461426
2996	-0.9642675 0.036603898 -0.026024893 -0.102599934
2997	0.16755664 -0.43116987 -0.70433825 -0.07839293
2999	-0.318484 -0.960376 0.6868684 -0.8690011
3007	-0.66022825 -0.95466244 0.4251631 -0.47013092
3008	0.32074454 0.013327211 0.5619854 -0.9948194
3009	-0.5028239 -0.4671303 0.46045253 0.27285525
3014	0.2567373 -0.8907329 -0.67789674 -0.17554122
3016	-0.9951632 -0.042899773 0.95796454 -0.8453517
3019	-0.62093914 0.16258869 -0.9535184 0.2548576
3020	-0.85867506 -0.9235664 0.986172 -0.98128283
3026	0.440688 -0.18764673 -0.87994695 -0.49856842
3028	-0.5988581 -0.95331347 0.58920926 -0.68996644
3029	-0.8195593 -0.68155026 0.44150394 -0.8156245
3032	-0.09349346 -0.48871583 0.63680464 -0.91844285
3033	0.2850805 -0.9522794 0.69989765 -0.89513135
3039	-0.7456384 -0.6695449 0.9411726 -0.9797181
3040	-0.75753057 0.24815124 -0.53007656 -0.9173365
3045	-0.96694076 -0.2250639 0.8801515 -0.86467314
3050	0.12781003 -0.19157876 -0.910728 -0.47565472
3058	-0.60857147 0.52832216 -0.524627 -0.6825213
3060	-0.9943719 0.5186724 0.077822596 -0.86568
3061	-0.9520601 0.067282766 -0.20408595 -0.2840649
3063	-0.3796385 -0.93053377 -0.61256343 0.29548317
3064	-0.8516474 0.14205441 0.15193832 -0.5778801
3067	-0.889133 -0.4375222 0.6974869 -0.9173073
3068	-0.80909103 0.7359997 -0.6222348 -0.9668117
3069	-0.9789203 -0.034199476 0.8929179 -0.85701287
3076	-0.99350095 0.32031858 0.17403764 -0.8416847
3078	-0.8444589 -0.7902905 0.7352314 -0.86150825
3080	-0.99155545 0.58208066 -0.9355411 0.26477274
3082	-0.86387324 -0.6897471 0.4913957 -0.77208614
3084	-0.68059814 -0.9644346 0.3179977 -0.07501486
3086	0.3938671 -0.50240445 0.2839582 -0.9521406
3088	-0.5443621 -0.6346965 0.85484326 -0.9057616
3096	-0.9201189 -0.91741323 0.99714184 -0.9768119
3098	-0.15748304 -0.8215084 -0.35976666 -0.4177396
3101	-0.86609805 -0.8193735 0.6463127 -0.58154476
3105	0.35282537 -0.7416672 0.5377465 -0.919373
3108	-0.7439789 -0.9833171 -0.36461404 0.8781095
3109	-0.28200233 0.42333925 0.084936306 -0.9787853
3110	0.1963872 -0.91284764 0.2694071 -0.8221593
3116	0.59420335 -0.9972633 0.50994635 -0.6706456
3117	-0.056052804 -0.66712373 -0.23717374 -0.59595436
3120	-0.7162447 -0.85783446 0.12193699 -0.34820288
3121	-0.7250151 -0.4613267 -0.57899857 0.23261586
3123	-0.8675755 0.823649 -0.837338 -0.86643934
3124	-0.64280164 -0.726169 0.34345216 -0.22553347
3125	-0.37412974 -0.69367146 -0.06232871 -0.4011323
3126	-0.8018545 0.84487784 -0.85533035 -0.9663172
3131	-0.89853334 -0.8053487 -0.6411089 0.5831391
3136	0.25288355 0.028883334 -0.8527037 -0.30484155
3138	0.021999806 -0.9599408 -0.51526636 0.4032477
3139	-0.00083202124 -0.9850929 -0.045325547 0.29381526
3148	-0.9839917 -0.3691626 0.28343725 0.75630164
3149	-0.9266237 0.32831222 -0.90243363 0.7674197
3152	0.3888889 -0.9692856 -0.65567076 -0.10051513
3153	-0.24651916 -0.86773163 -0.89052546 0.49567956
3154	-0.9897227 -0.76935256 -0.9927898 0.99799514
3155	-0.9700391 0.9578974 -0.8384557 -0.5540426
3158	-0.91030014 -0.6957003 -0.45898163 0.23900115
3159	-0.61552894 -0.98073155 -0.7579806 0.7688556
3160	-0.96328497 -0.9645717 -0.9917389 0.99979675
3161	-0.96407974 -0.9870633 -0.91405714 0.9933209
3165	-0.85088503 0.08965999 -0.7080624 -0.25592345
3173	-0.73142624 -0.968026 -0.8000381 0.8101934
3175	-0.3812642 -0.94270796 -0.41732508 0.050668884
3176	-0.35783318 -0.96694607 -0.9028187 0.92809165
3177	0.4509716 -0.9719894 -0.7026118 -0.22114787
3183	-0.9814458 0.6605104 -0.97381365 0.81379235
3187	-0.8417932 -0.9823151 -0.9113695 0.98202485
3190	-0.65675044 0.7488347 -0.9705485 0.6585403
3195	-0.55742866 -0.9660039 -0.61011916 0.7198382
3196	-0.18302333 -0.9619613 -0.16287532 -0.055232137
3198	-0.4987902 -0.95809144 -0.31076646 0.34445968
3199	-0.8440792 0.061820976 -0.63252854 0.2776149
3200	0.015184682 -0.9804488 -0.082558885 0.12681821
3202	-0.99104095 0.2610047 -0.9858697 0.9984326
3204	-0.40824538 -0.60795516 0.11190131 -0.3150751
3205	-0.9719438 -0.94666266 -0.79381955 0.984255
3210	0.014803285 -0.99491537 -0.91979206 0.9941609
3211	0.92535746 -0.9941114 -0.955214 0.59500813
3215	-0.5221782 -0.96109676 -0.8934252 0.96369445
3216	0.006507069 -0.9906005 -0.86115336 0.80380756
3217	-0.9238907 -0.93311036 -0.7939489 0.8515002
3218	-0.8545721 0.13408054 -0.9011768 0.17297858
3221	-0.5834254 0.072050706 -0.85005295 -0.02595839
3223	0.16195373 -0.9896885 -0.9586518 0.86601436
3224	0.805051 -0.6360785 -0.8203031 -0.3636793
3226	-0.39161828 -0.92950344 -0.51437163 0.15760484
3227	0.12082718 -0.8991324 -0.8568821 0.28773388
3230	-0.25457793 -0.2422966 0.23691425 -0.91740024
3233	-0.98040223 -0.88947344 -0.94853747 0.9972988
3234	-0.42151836 -0.9600681 0.32495826 -0.41792437
3236	-0.85024023 -0.7230993 -0.658043 0.31861803
3238	-0.8667549 -0.7473922 -0.92508936 0.688663
3241	0.42721957 -0.73230547 -0.4595424 -0.17029873
3250	-0.5253153 -0.97035074 -0.61760986 0.93211335
3254	-0.8427484 -0.19790117 -0.69370675 -0.18422359
3256	-0.9970256 -0.17755245 -0.9947635 0.99850976
3263	-0.13365993 -0.910576 -0.40141246 0.36669126
3264	-0.54369295 -0.9868254 -0.8017942 0.87369084
3266	-0.93454593 -0.9729446 -0.92859566 0.98922956
3267	-0.93017143 -0.97825134 -0.86852723 0.98046875
3269	-0.48123336 -0.7873633 -0.7867671 0.06738739
3275	-0.25427538 -0.81951857 0.107089736 -0.55701166
3279	-0.8153258 -0.965307 -0.88006437 0.94755226
3281	-0.98137677 -0.9903883 -0.9826215 0.99984777
3283	-0.9262178 -0.98892796 -0.9445077 0.99694175
3284	-0.52351004 0.15016812 -0.9848354 0.993109
3289	-0.2616129 -0.7878452 -0.77456784 0.015814291
3291	-0.8782134 -0.30892503 -0.240577 0.452239
3299	-0.738812 -0.98621583 -0.93731064 0.990553
3306	-0.4907295 -0.99197793 -0.9424164 0.9896653
3309	0.54356223 -0.9673363 -0.7406262 0.27476132
3313	-0.6966903 -0.5670484 -0.93151313 0.61500645
3317	-0.93151045 -0.8921979 0.25499073 0.6390969
3322	-0.9850489 0.4265587 -0.9063462 0.895449
3324	0.74965066 -0.9930469 -0.6366711 -0.80322266
3326	-0.84829843 -0.9947321 -0.79068905 0.97088873
3328	-0.9405788 -0.8876319 -0.5475313 0.7944841
3331	-0.9232358 0.78964126 -0.31475648 -0.49443343
3333	-0.76211894 -0.9793779 -0.011300296 0.5763449
3334	-0.46570227 -0.98904043 -0.5798085 0.5337729
3336	-0.48883933 -0.80409837 -0.94873273 0.9396877
3337	-0.94404095 -0.6401497 -0.9628972 0.941258
3343	-0.66517794 -0.836434 -0.148304 0.31125796
3347	-0.08510406 -0.9839364 -0.926331 0.9306333
3351	-0.9731474 -0.9923265 -0.8954984 0.9961375
3357	0.84644353 -0.08308127 -0.89350814 -0.9929689
3358	-0.9009625 -0.82266915 -0.932879 0.79621303
3359	-0.9864683 -0.6034117 -0.85471344 0.9385512
3362	-0.9407279 -0.69109136 0.9026364 -0.83158255
3364	-0.98071307 -0.5679874 -0.89815515 0.9971255
3366	-0.9224309 0.10821423 -0.18550478 -0.0036715416
3368	-0.90836704 -0.99117744 -0.8854157 0.9955112
3374	-0.98915935 -0.4802216 -0.9958693 0.99819064
3378	-0.45966512 -0.44991255 -0.11737347 -0.24219602
3379	-0.28474963 -0.92295 -0.92601776 0.56522435
3381	0.119375914 -0.9741278 -0.9535805 0.7218034
3383	0.8673197 -0.4647035 -0.8414819 -0.9390807
3387	-0.88542676 -0.9966513 -0.8532708 0.98996127
3389	-0.92931986 -0.99294984 -0.91768694 0.99501085
3391	-0.9864792 -0.105565906 -0.96994746 0.98579264
3392	-0.98610914 -0.96734685 -0.9635853 0.99830544
3397	-0.7715646 -0.27952567 -0.6140742 0.52265996
3400	-0.48695424 -0.9330742 -0.37974674 0.4545002
3401	-0.83103096 0.03851075 -0.4311848 0.29098576
3403	0.06610952 -0.7065696 -0.3041674 -0.52457136
3407	-0.82189274 -0.99533594 -0.81116474 0.95022434
3410	-0.8395753 -0.7905611 -0.3907133 0.48511714
3413	-0.45878908 -0.9447553 -0.86814666 0.7797618
3414	-0.9353894 -0.78365475 -0.930549 0.8769804
3415	-0.9672822 -0.99520487 -0.9154712 0.99628997
3422	-0.898407 -0.98855567 -0.86753917 0.9733858
3429	-0.7624701 0.1133801 -0.6601709 0.18789245
3430	-0.8620122 -0.40624535 -0.5618923 0.00081166625
3432	-0.49572957 -0.95534724 -0.04493645 0.30856478
3433	-0.09374568 -0.45746613 -0.7006513 -0.26014376
3436	-0.97076255 -0.9920114 -0.9317244 0.997203
3442	-0.9441718 -0.9880804 -0.888601 0.9914882
3447	-0.706929 -0.90662193 -0.7655453 0.40648532
3450	0.58404654 -0.8867712 -0.92179143 0.25581717
3455	-0.7881347 -0.9263073 -0.05060915 0.58862317
3458	-0.8443695 -0.8945707 -0.8378618 0.65578234
3459	-0.112181656 -0.98673147 -0.56597936 0.7270291
3465	-0.90557706 -0.9570216 -0.93513215 0.9890572
3466	-0.47812897 -0.87324727 -0.4784264 0.038419068
3469	-0.89621294 -0.79353565 -0.8027394 0.5233226
3470	-0.24140325 -0.8882201 -0.4553711 0.32436767
3472	-0.8735126 -0.99057305 -0.9191358 0.9943298
3473	-0.87822336 -0.9916089 -0.8737692 0.97026634
3474	-0.7648642 -0.9932214 -0.91719544 0.9532193
3475	-0.93966347 -0.9775511 -0.92576575 0.98718464
3476	-0.39512324 -0.99066937 -0.8853556 0.9731475
3481	-0.89315313 -0.96180826 -0.9667462 0.9784983
3485	-0.8302906 -0.9545163 -0.7440907 0.7452916
3488	-0.99494874 -0.2179143 -0.98492587 0.99565005
3491	-0.9722419 -0.5142015 -0.8216344 0.9400033
3492	0.6991309 -0.7882199 -0.82192564 -0.9387853
3496	-0.5400738 -0.46367836 -0.34228575 0.09402877
3497	-0.93079334 -0.9845295 -0.9401322 0.9915024
3501	-0.96025103 0.15578194 -0.95266443 0.85269475
3503	-0.8554425 -0.98879755 -0.93380326 0.9631617
3509	-0.09615989 -0.97067857 0.28600207 -0.308724
3512	-0.57200885 -0.98827505 -0.85339487 0.99214214
3516	-0.6949747 -0.4422648 -0.72786427 0.3962903
3517	-0.65383536 -0.9571492 -0.85880136 0.8975159
3521	-0.86142087 -0.38343912 -0.8838682 0.77023077
3525	-0.94728935 -0.26938486 -0.7351856 0.3788048
3526	-0.7187866 -0.72466457 -0.43444768 0.262375
3532	-0.6411909 -0.89708424 -0.6862476 0.5641972
3534	-0.19303764 -0.7999399 -0.7420821 0.47439447
3543	-0.99410665 0.26572502 -0.9895742 0.9952557
3544	-0.92251635 -0.9229425 -0.12647426 0.6588551
3545	-0.71883464 -0.8297307 -0.7381283 0.29061514
3549	-0.957618 0.121977 -0.901068 0.83729804
3550	-0.83827627 -0.69573784 0.36626703 -0.32517755
3552	-0.79738665 -0.6885851 0.39959514 -0.04044681
3556	-0.38140547 -0.106940165 -0.7359425 0.5162527
3557	0.6987517 -0.991308 -0.9544049 0.75418437
3558	-0.62877166 -0.99063516 -0.870525 0.94014996
3564	-0.98671067 -0.9830048 -0.8944379 0.9952971
3565	-0.97941476 -0.97389275 -0.97430253 0.9987488
3567	-0.9528128 -0.9958471 -0.9363648 0.9984245
3568	-0.6976019 -0.97912025 -0.8794335 0.94915843
3571	-0.8508256 -0.9955099 -0.9239527 0.9982903
3572	-0.8637741 -0.68227863 -0.76353 0.43684152
3574	-0.97440284 -0.98909295 -0.91720533 0.99632394
3580	0.9320313 -0.9928046 -0.9546621 0.031748652
3581	-0.9730419 -0.99297595 -0.9365263 0.9979028
3591	-0.19745968 -0.913211 0.005804464 -0.41235742
3593	-0.9123938 -0.36556998 -0.052738518 0.52392983
3594	-0.8145274 0.50973636 -0.9834956 0.30608904
3596	-0.28306812 -0.9491992 -0.8913164 0.89926803
3597	-0.98588574 -0.7427505 -0.96510863 0.973331
3598	-0.8896595 -0.50214905 -0.960616 0.5867687
3609	-0.81772494 -0.96539795 -0.6472753 0.6210733
3614	-0.016474439 -0.9952903 -0.92833996 0.99870384
3615	-0.4684202 -0.9960782 -0.93280077 0.9983684
3623	0.15740931 -0.746922 -0.88609195 0.04323999
3625	0.84975874 -0.8934016 -0.73891085 -0.3475004
3627	-0.83173907 -0.98530805 -0.86787915 0.9601548
3632	-0.96596754 -0.99224174 -0.8951788 0.99401045
3634	0.96569633 -0.6845304 -0.9096606 -0.9909009
3635	-0.96866286 0.12022537 -0.9726515 0.7094658
3636	-0.8963509 -0.87627363 -0.4991899 0.99499464
3638	0.05233812 -0.95434856 -0.7906376 0.78094643
3639	-0.17598289 -0.9107348 -0.838429 0.43528187
3641	-0.5797191 -0.91083455 -0.9467332 0.9785447
3643	-0.38102075 -0.9259168 -0.94117975 0.96178293
3645	-0.97183144 -0.04463008 -0.85440266 0.72534
3648	0.18914798 -0.98770225 -0.9580928 0.561873
3653	-0.841486 -0.8734377 -0.94081616 0.82663083
3654	0.036620125 -0.6709137 -0.80508363 0.024713833
3655	-0.68530655 -0.9783692 -0.8180506 0.80918914
3658	-0.766865 -0.9374498 -0.4207381 0.49337062
3659	-0.27588007 -0.99520636 -0.9571591 0.98589754
3667	0.07263146 -0.9425981 -0.9777736 0.9699084
3669	-0.9607357 -0.99227774 -0.9082277 0.99251986
3671	-0.9662237 -0.9878253 -0.9019159 0.99332356
3680	-0.46843383 -0.97164726 -0.96120226 0.9784032
3681	-0.72319627 -0.40606046 0.33977857 -0.15085435
3682	-0.2967626 -0.9855809 -0.8222946 0.8440598
3686	-0.78124344 -0.9896024 -0.84502935 0.9763942
3699	-0.04628329 -0.6773697 -0.46004793 0.27870163
3700	-0.66900563 -0.91010785 -0.81234586 0.96419567
3701	-0.9676242 -0.99284315 -0.89952445 0.9944869
3703	-0.7628099 -0.9844388 -0.18129115 0.8295482
3721	-0.4452553 -0.7968689 -0.57204056 0.35734007
3724	-0.9853046 -0.54312617 -0.5457821 0.99887455
3725	-0.9648894 -0.9952109 -0.88385606 0.99610704
3728	-0.95163894 0.54405403 -0.94789016 0.1360704
3730	0.8068476 -0.8005105 -0.81715095 -0.95717263
3731	-0.98103535 0.27353254 -0.7552773 0.00781857
3738	-0.9706403 -0.9935411 -0.94227576 0.9983833
3750	-0.9172709 -0.9583393 -0.8186288 0.95881355
3753	-0.97631514 -0.4883878 -0.69119966 0.9646708
3756	-0.7643458 -0.8299779 0.20547049 -0.16520506
3758	-0.84102696 -0.58061546 -0.9180224 0.8940396
3759	-0.8485495 -0.5419896 -0.5474113 0.42755055
3762	-0.8833438 -0.9924415 -0.8044865 0.9803917
3766	-0.51567286 -0.72759193 -0.27716857 -0.1957237
3767	0.57978326 -0.98645645 -0.36801463 -0.75452274
3772	-0.97225654 -0.9833367 -0.932711 0.99265397
3774	-0.84122175 -0.9066351 -0.596886 0.45587566
3775	-0.9556588 -0.56139815 -0.7748418 0.96314573
3776	-0.99122036 0.0341902 -0.9876766 0.9909316
3777	-0.2952875 -0.9003532 -0.79218125 0.37080312
3778	-0.04624846 -0.30063182 -0.39032882 -0.6857384
3782	-0.27330804 0.36959356 -0.9304465 -0.92702097
3783	-0.8680767 -0.91177845 -0.77039444 0.66590375
3784	-0.9583018 -0.6515524 0.0842254 0.14549299
3786	-0.07626828 -0.857025 -0.45578483 -0.098215364
3790	-0.99469376 -0.52373534 -0.9863049 0.9958792
3793	-0.40842593 -0.9864398 -0.8357861 0.95836264
3795	-0.4731883 -0.9893183 -0.7247748 0.9703747
3800	-0.40048882 -0.9924255 -0.7071935 0.9589687
3804	-0.8450144 -0.81535625 -0.9661513 0.87482166
3805	-0.7358421 -0.50113344 -0.98911905 0.99760354
3807	-0.89028347 -0.991922 -0.9255563 0.9931124
3809	-0.97070855 -0.9955479 -0.9290969 0.998309
3811	0.81171584 -0.9689237 -0.96381456 0.2651793
3818	-0.04664298 -0.5482422 -0.9947163 0.50621015
3819	-0.21185064 -0.797709 -0.644838 0.5860933
3820	0.4486115 -0.97056043 -0.9193673 0.388927
3825	-0.8836267 -0.7611825 -0.9728756 0.89600027
3832	-0.96423495 -0.99475086 -0.9337605 0.9978944
3836	-0.16811305 -0.9949417 0.0577662 0.2969207
3838	-0.9601654 -0.9941776 -0.90505147 0.9942854
3839	0.002317816 -0.8504681 -0.74382126 0.056174003
3843	0.597522 0.6343935 -0.93090844 -0.5698323
3844	-0.91489995 -0.95990777 -0.9764106 0.99349964
3848	-0.2533387 -0.8178034 -0.9172739 0.67102945
3850	-0.6552329 -0.92530507 -0.8450345 0.6298035
3855	-0.9706433 -0.9928461 -0.8919625 0.9965594
3857	-0.975859 -0.98693097 -0.9485604 0.99700093
3858	0.46906424 0.24720101 -0.9099898 -0.6474258
3861	-0.2645616 -0.8606646 -0.5611786 0.15265092
3865	0.02175285 -0.9768801 -0.8781358 0.6880014
3866	-0.4971666 -0.9758531 -0.8653226 0.9881166
3868	-0.88560474 -0.8388117 -0.48343146 0.40189886
3873	0.7465285 -0.9541377 -0.46893483 -0.9192499
3875	-0.9069464 -0.16396299 -0.6616808 0.38711488
3877	-0.8972148 -0.3420118 -0.8381349 0.9144125
3886	-0.9838371 0.03626901 -0.9517641 0.91756153
3888	-0.94871235 0.3030684 -0.35589314 -0.3855219
3891	-0.95488024 -0.48694548 -0.8431492 0.94487095
3895	-0.9672431 -0.99196744 -0.9423331 0.9978111
3896	-0.94345933 -0.98470294 -0.86752605 0.97759634
3900	-0.71807027 -0.59220415 0.3846776 -0.25891623
3901	-0.9562799 -0.20438378 -0.87031484 0.7157508
3902	0.14926144 -0.8347008 -0.90149117 0.31027585
3905	-0.32587296 0.36486438 -0.9754045 0.24209815
3915	-0.17784047 -0.944276 -0.9175818 0.7899692
3916	-0.6902433 0.036061704 -0.9644288 0.22023723
3919	-0.37872818 -0.9569405 -0.59939396 0.57740396
3921	-0.9410941 -0.77775013 -0.69151616 0.6895052
3923	-0.7715714 -0.887965 -0.81590354 0.56985337
3924	-0.9811054 -0.6318377 -0.9660282 0.99217486
3928	-0.91803867 -0.9537139 -0.974546 0.9987508
3932	-0.7252928 -0.38069516 -0.74123776 0.53065944
3935	0.8296188 -0.3296205 -0.93738306 -0.6179711
3936	-0.9825482 -0.8261358 -0.975926 0.9986994
3938	-0.12568225 -0.58080345 -0.18943982 0.066364914
3939	-0.9238375 -0.9417347 -0.8097798 0.8819625
3940	-0.9774539 -0.5588783 -0.67605686 0.57290214
3942	0.86152405 -0.9884355 -0.9281434 0.0011920184
3945	-0.9875046 -0.32626498 -0.7171221 0.51188374
3947	-0.83397424 0.31719294 -0.96370137 0.9752015
3952	-0.5196727 0.061338603 -0.99604356 0.9861918
3957	-0.26411337 -0.9599261 -0.96985006 0.78083086
3958	-0.5020399 -0.85503405 0.21501087 0.0389771
3960	-0.93359506 -0.99332 -0.9292768 0.99815357
3963	-0.94662905 -0.95944047 -0.95895696 0.9939342
3965	-0.87311244 -0.6351491 -0.6143658 0.17900884
3969	-0.22731207 -0.17231977 -0.3293427 -0.27099895
3971	-0.48150328 -0.98489743 0.007041201 0.9395616
3973	-0.47143164 -0.40687928 -0.76155734 0.0055687726
3978	-0.016607404 -0.98056155 -0.87936765 0.7729541
3980	0.020547695 -0.97867835 -0.6489577 0.34454554
3981	-0.9387531 -0.95427406 -0.97294265 0.98676276
3984	-0.2587306 -0.27709168 -0.8957697 0.29068565
3985	-0.7285522 -0.98003554 -0.9065443 0.89794993
3987	-0.64135456 -0.98753226 -0.8688756 0.9028617
3990	-0.7993361 -0.9418647 -0.7605003 0.62961257
3994	-0.8586409 -0.9669639 -0.96221125 0.9925496
3996	-0.6230054 -0.8231609 -0.92679965 0.48261505
3998	-0.34721872 -0.97637224 -0.6237738 0.23504208
4002	-0.7824092 -0.8369691 -0.34464988 0.41355088
4004	-0.72960806 -0.7930651 -0.9807414 0.8759273
4006	0.5591082 -0.91270876 -0.46972382 -0.31390327
4007	0.16580206 -0.9799825 -0.8151239 0.836449
4008	0.28383577 -0.98558766 -0.93752825 0.54414
4010	-0.66296387 -0.93034136 -0.52991295 0.36467087
4011	-0.4937337 -0.9801253 -0.82321954 0.78445643
4012	0.013945624 -0.50762194 -0.9047179 0.1865955
4021	-0.87605226 -0.99020994 -0.9849384 0.9998204
4023	-0.8989464 -0.46657142 0.51028323 -0.4252841
4024	-0.98905677 -0.42131436 -0.9938808 0.99920976
4026	0.11883499 -0.10979665 -0.9721563 0.65002584
4032	-0.9505985 -0.9315791 -0.7384131 0.8638524
4033	-0.15697953 -0.8779354 -0.9213435 0.547415
4039	-0.979658 -0.9870842 -0.91618776 0.9966193
4041	-0.8392899 -0.9919027 -0.8272865 0.96396226
4046	0.4957893 0.067581445 -0.89599 -0.9739709
4047	-0.68615997 -0.92965066 -0.8894023 0.754404
4053	-0.689849 0.08614031 -0.75543153 0.31239587
4057	-0.99084294 -0.9543156 -0.97637194 0.99891484
4060	-0.9717961 0.15734944 -0.31501436 -0.35674396
4061	-0.08664034 -0.9784117 -0.94120574 0.83488876
4062	-0.67060375 0.09398217 -0.9381611 0.62157303
4064	-0.93971306 -0.6295328 -0.98774356 0.99308705
4065	-0.95679426 -0.18653747 -0.96638334 0.8616645
4067	-0.63166857 -0.9772728 -0.8426491 0.8274307
4072	-0.9662622 0.060778968 -0.984187 0.59080803
4073	-0.98513055 0.68613786 -0.8056706 -0.105780914
4074	-0.9349484 -0.99590296 -0.8954501 0.9962702
4076	-0.62338436 -0.93766034 -0.8663219 0.9239763
4079	-0.85649145 -0.5080223 -0.8114666 0.9075123
4084	-0.62433654 -0.17422739 -0.9066254 0.04168918
4085	-0.99518335 0.45894104 -0.8863547 0.041102774
4088	-0.8969878 -0.8341378 -0.8335037 0.82614887
4089	-0.5306287 -0.9952693 -0.94424284 0.9987952
4091	-0.747026 -0.8206506 -0.656145 0.4896446
4095	-0.61419576 -0.9158374 -0.3063889 0.67798
4096	-0.1704624 -0.93702996 -0.38964182 0.3245027
4098	-0.8269017 -0.940253 -0.87409115 0.7768638
4101	-0.9344257 -0.98896605 -0.86307585 0.9804236
4105	-0.91631424 -0.83534026 -0.43262255 0.20970154
4106	-0.96423423 -0.9739516 -0.94743115 0.9910581
4109	-0.7021551 -0.93287903 -0.7474319 0.8087035
4111	0.46504015 -0.43360984 -0.88964415 -0.50940984
4114	0.08482206 -0.9236716 -0.9566469 0.2430926
4115	-0.7700438 0.20334838 0.11648014 -0.49418288
4118	-0.44700366 -0.8943354 -0.8781933 0.38487363
4120	0.13163856 -0.62722623 -0.44987416 0.024252899
4121	-0.9673815 0.17566694 -0.80632734 0.7657683
4133	-0.50341177 -0.99153006 -0.839859 0.9887314
4134	-0.71467423 -0.844391 -0.24040446 0.027034443
4136	-0.31029072 -0.99205565 -0.91642475 0.7944819
4137	-0.9719964 -0.945018 -0.63538826 0.9248049
4140	-0.9292123 -0.5380254 -0.9882736 0.9200771
4142	-0.44990215 -0.85729134 -0.46948093 0.27830118
4144	-0.95222557 0.09883574 -0.9062588 0.74398214
4145	0.29570547 -0.41263297 -0.78589207 -0.70534116
4146	-0.964116 -0.49777684 -0.8936665 0.7507889
4148	-0.3973449 -0.99055296 -0.7871445 0.9599541
4149	-0.71323174 -0.88154745 -0.728205 0.4853981
4152	-0.99430716 0.3910631 -0.05462107 0.23281366
